 2.4  1  19.35  191.565 
 2.4  2  13.08  221.568 
 5  1  24.66  185.936 
 1.9  1  24.82  275.502 
 5.9  1  25.54  193.052 
 3  1  25.62  231.861 
 9  1  26.04  151.757 
 8.4  1  26.26  172.003 
 8.4  1  26.26  175.952 
 2.5  1  26.6  234.08 
 6.7  1  26.87  185.967 
 2.4  2  27.86  261.884 
 3.4  1  27.93  235.8 
 2.3  1  28.32  357.511 
 1.4  3  29  287.1 
 2  1  29.91  297.605 
 5.9  2  32.02  232.113 
 7.4  2  32.22  209.43 
 2.7  2  34.32  272.844 
 4  2  34.78  290.739 
 7.6  2  35.01  224.064 
 7.1  2  37.11  241.215 
 4.9  2  37.41  299.28 
 5.5  2  38.7  255.42 
 1.5  3  29  287 
 8.7  3  45.15  234.735 
 2.5  3  48.17  349.233 
 9  3  48.52  272.227 
 6.4  3  49.42  325.777 
 5.7  3  49.44  360.418 
 4.1  3  52.4  393 
 3.4  3  52.7  375.852 
 4.7  3  53.61  427.023 
 7.4  3  53.83  339.129 
 7.4  3  53.86  350.9 
 7.7  3  54.9  334.89 
 4.4  3  54.92  389.932 
 5.3  3  54.97  417 
 4.4  4  67.35  451.245 
 4.1  4  67.73  504.589 
 9.2  4  68.6  418.46 
 4  4  70.16  614.809 
 6  4  70.81  485.261 
 4.6  4  72.02  555 
 1.8  4  74.36  714.183 
 5.3  4  75.59  521.571 
 3.3  4  75.92  529.753 
 5.9  5  85.09  680 
 8  5  86.86  464.18 
 3  5  99  782.1 
 6.6  5  100.88  700 
 3.5  5  106.96  808.144 
 1.9  2  30.83  292.885 
 6  2  36.95  229.09 
 4.4  2  39.59  285.048 
 6.3  2  41.25  284.625 
 5.4  2  41.31  325 
 3  2  41.94  373.088 
 11.3  1  34.18  177.702 
 6.4  2  34.4  242.52 
