    1  1  1      195   1.9
    1  1  2      196   1.9
    1  1  3      192   1.9
    1  1  4      208   2.0
    1  1  5      180   1.8
    1  1  6      213   2.1
    1  2  1      216   2.1
    1  2  2      194   1.9
    1  2  3      198   1.9
    1  2  4      209   2.0
    1  2  5      238   2.3
    1  2  6      236   2.3
    1  3  1      307   3.0
    1  3  2      341   3.4
    1  3  3      305   3.0
    1  3  4      316   3.1
    1  3  5      335   3.3
    1  3  6      340   3.4
    1  4  1      435   4.3
    1  4  2      403   4.0
    1  4  3      499   4.9
    1  4  4      422   4.2
    1  4  5      487   4.8
    1  4  6      483   4.8
    1  5  1      218   2.1
    1  5  2      192   1.9
    1  5  3      222   2.2
    1  5  4      221   2.2
    1  5  5      218   2.1
    1  5  6      219   2.1
    1  6  1      227   2.2
    1  6  2      422   4.2
    1  6  3      429   4.2
    1  6  4      448   4.4
    1  6  5      463   4.6
    1  6  6      461   4.6
    1  7  1      134   1.3
    1  7  2      178   1.7
    1  7  3      188   1.8
    1  7  4      285   2.8
    1  7  5      294   2.9
    1  7  6      295   2.9
    1  8  1      707   7.0
    1  8  2      803   8.0
    1  8  3      828   8.2
    1  8  4      714   7.1
    1  8  5      848   8.4
    1  8  6      808   8.0
    2  1  1      141   1.8
    2  1  2      153   2.0
    2  1  3      168   2.9
    2  1  4      270   2.0
    2  1  5      146   2.8
    2  1  6      250   3.2
    2  2  1      244   3.3
    2  2  2      134   3.5
    2  2  3      142   4.6
    2  2  4      253   3.2
    2  2  5      261   3.3
    2  2  6      234   4.8
    2  3  1      342   8.2
    2  3  2      359   8.7
    2  3  3      349   8.2
    2  3  4      359   7.0
    2  3  5      369   9.3
    2  3  6      330   7.1
    2  4  1      448   2.1
    2  4  2      465   1.6
    2  4  3      431   1.6
    2  4  4      449   2.0
    2  4  5      459   2.2
    2  4  6      440   2.7
    2  5  1      243   5.7
    2  5  2      163   6.6
    2  5  3      250   6.6
    2  5  4      244   5.8
    2  5  5      210   5.0
    2  5  6      231   7.3
    2  6  1      246   1.3
    2  6  2      440   1.4
    2  6  3      444   1.3
    2  6  4      454   1.0
    2  6  5      462   1.9
    2  6  6      464   1.2
    2  7  1      141   1.8
    2  7  2      154   1.8
    2  7  3      172   1.1
    2  7  4      269   2.9
    2  7  5      249   2.2
    2  7  6      259   1.2
    2  8  1      759   7.1
    2  8  2      840   8.1
    2  8  3      838   8.2
    2  8  4      741   6.2
    2  8  5      845   7.2
    2  8  6      806   7.4
    3  1  1      569   5.6
    3  1  2      460   4.6
    3  1  3      433   4.3
    3  1  4      373   3.7
    3  1  5      480   4.8
    3  1  6      384   3.8
    3  2  1      490   4.9
    3  2  2      191   1.9
    3  2  3      406   4.0
    3  2  4      500   5.0
    3  2  5      424   4.2
    3  2  6      314   3.1
    3  3  1      842   8.4
    3  3  2      703   7.0
    3  3  3      881   8.8
    3  3  4      804   8.0
    3  3  5      912   9.1
    3  3  6      929   9.2
    3  4  1      739   7.3
    3  4  2      749   7.4
    3  4  3      629   6.2
    3  4  4      630   6.3
    3  4  5      848   8.4
    3  4  6      721   7.2
    3  5  1      931   9.3
    3  5  2      849   8.4
    3  5  3      988   9.8
    3  5  4      880   8.8
    3  5  5      893   8.9
    3  5  6      993   9.9
    3  6  1      290   2.9
    3  6  2      204   2.0
    3  6  3      380   3.8
    3  6  4      311   3.1
    3  6  5      215   2.1
    3  6  6      295   2.9
    3  7  1      190   1.9
    3  7  2      109   1.0
    3  7  3      239   2.3
    3  7  4      137   1.3
    3  7  5      200   2.0
    3  7  6      146   1.4
    3  8  1      200   2.0
    3  8  2      218   2.1
    3  8  3      132   1.3
    3  8  4      249   2.4
    3  8  5      235   2.3
    3  8  6      202   2.0
    4  1  1      294   2.9
    4  1  2      324   3.2
    4  1  3      386   3.8
    4  1  4      382   3.8
    4  1  5      319   3.1
    4  1  6      395   3.9
    4  2  1      625   6.2
    4  2  2      620   6.2
    4  2  3      719   7.1
    4  2  4      619   6.1
    4  2  5      627   6.2
    4  2  6      620   6.2
    4  3  1      626   6.2
    4  3  2      540   5.4
    4  3  3      668   6.6
    4  3  4      662   6.6
    4  3  5      639   6.3
    4  3  6      575   5.7
    4  4  1      882   8.8
    4  4  2      984   9.8
    4  4  3      994   9.9
    4  4  4      796   7.9
    4  4  5      802   8.0
    4  4  6      709   7.0
    4  5  1      525   5.2
    4  5  2      515   5.1
    4  5  3      540   5.4
    4  5  4      409   4.0
    4  5  5      589   5.8
    4  5  6      467   4.6
    4  6  1      180   1.8
    4  6  2      256   2.5
    4  6  3      260   2.6
    4  6  4      198   1.9
    4  6  5      292   2.9
    4  6  6      109   1.0
    4  7  1      365   3.6
    4  7  2      372   3.7
    4  7  3      364   3.6
    4  7  4      274   2.7
    4  7  5      396   3.9
    4  7  6      302   3.0
    4  8  1      929   9.2
    4  8  2      783   7.8
    4  8  3      894   8.9
    4  8  4      866   8.6
    4  8  5      772   7.7
    4  8  6      872   8.7
    5  1  1      130   3.5
    5  1  2      394   3.3
    5  1  3      399   3.5
    5  1  4      203   3.7
    5  1  5      387   3.0
    5  1  6      213   3.9
    5  2  1      211   4.2
    5  2  2      396   4.9
    5  2  3      192   4.9
    5  2  4      208   4.2
    5  2  5      234   4.9
    5  2  6      238   4.5
    5  3  1      303   5.8
    5  3  2      442   5.7
    5  3  3      302   5.6
    5  3  4      316   5.2
    5  3  5      332   5.0
    5  3  6      449   5.1
    5  4  1      436   3.9
    5  4  2      608   3.5
    5  4  3      492   3.9
    5  4  4      429   4.1
    5  4  5      487   4.0
    5  4  6      489   3.8
    5  5  1      218   5.8
    5  5  2      393   6.0
    5  5  3      225   5.0
    5  5  4      220   4.5
    5  5  5      214   5.8
    5  5  6      217   5.9
    5  6  1      226   4.3
    5  6  2      424   3.9
    5  6  3      426   4.1
    5  6  4      541   3.9
    5  6  5      462   4.2
    5  6  6      467   3.9
    5  7  1      139   3.8
    5  7  2      279   3.9
    5  7  3      389   3.9
    5  7  4      288   3.8
    5  7  5      296   4.2
    5  7  6      298   3.8
    5  8  1      701   4.2
    5  8  2      801   4.2
    5  8  3      823   4.1
    5  8  4      913   4.5
    5  8  5      849   4.3
    5  8  6      805   4.8
    6  1  1      195   1.9
    6  1  2      390   1.9
    6  1  3      199   1.9
    6  1  4      239   2.3
    6  1  5      217   2.1
    6  1  6      180   1.8
    6  2  1      306   3.0
    6  2  2      380   3.8
    6  2  3      488   3.8
    6  2  4      372   3.7
    6  2  5      309   3.0
    6  2  6      375   3.7
    6  3  1      502   5.0
    6  3  2      534   5.3
    6  3  3      514   5.1
    6  3  4      726   5.2
    6  3  5      682   5.8
    6  3  6      459   5.5
    6  4  1      273   2.7
    6  4  2      324   3.2
    6  4  3      278   2.7
    6  4  4      296   2.9
    6  4  5      302   3.0
    6  4  6      293   2.9
    6  5  1      304   3.0
    6  5  2      315   3.1
    6  5  3      316   3.1
    6  5  4      337   3.3
    6  5  5      291   2.9
    6  5  6      312   3.1
    6  6  1      273   2.7
    6  6  2      355   3.5
    6  6  3      286   2.8
    6  6  4      283   2.8
    6  6  5      331   3.3
    6  6  6      403   3.0
    6  7  1      305   3.0
    6  7  2      296   2.9
    6  7  3      283   2.8
    6  7  4      318   3.1
    6  7  5      309   3.0
    6  7  6      481   2.8
    6  8  1      283   2.8
    6  8  2      255   2.5
    6  8  3      306   3.0
    6  8  4      313   3.1
    6  8  5      274   2.7
    6  8  6      484   2.8  