 1     1 1 195.0   1.90   196.9000
 1     1 2 196.0   1.90   197.9000
 1     1 3 192.0   1.90   193.9000
 1     1 4 208.0   2.00   210.0000
 1     1 5 180.0   1.80   181.8000
 1     1 6 213.0   2.10   215.1000
 1     2 1 216.0   2.10   218.1000
 1     2 2 194.0   1.90   195.9000
 1     2 3 198.0   1.90   199.9000
 1     2 4 209.0   2.00   211.0000
 1     2 5 238.0   2.30   240.3000
 1     2 6 236.0   2.30   238.3000
 1     3 1 307.0   3.00   310.0000
 1     3 2 341.0   3.40   344.4000
 1     3 3 305.0   3.00   308.0000
 1     3 4 316.0   3.10   319.1000
 1     3 5 335.0   3.30   338.3000
 1     3 6 340.0   3.40   343.4000
 1     4 1 435.0   4.30   439.3000
 1     4 2 403.0   4.00   407.0000
 1     4 3 499.0   4.90   503.9000
 1     4 4 422.0   4.20   426.2000
 1     4 5 487.0   4.80   491.8000
 1     4 6 483.0   4.80   487.8000
 1     5 1 218.0   2.10   220.1000
 1     5 2 192.0   1.90   193.9000
 1     5 3 222.0   2.20   224.2000
 1     5 4 221.0   2.20   223.2000
 1     5 5 218.0   2.10   220.1000
 1     5 6 219.0   2.10   221.1000
 1     6 1 227.0   2.20   229.2000
 1     6 2 422.0   4.20   426.2000
 1     6 3 429.0   4.20   433.2000
 1     6 4 448.0   4.40   452.4000
 1     6 5 463.0   4.60   467.6000
 1     6 6 461.0   4.60   465.6000
 1    19 1 134.0   1.30   135.3000
 1    19 2 178.0   1.70   179.7000
 1    19 3 188.0   1.80   189.8000
 1    19 4 285.0   2.80   287.8000
 1    19 5 294.0   2.90   296.9000
 1    19 6 295.0   2.90   297.9000
 1    20 1 707.0   7.00   714.0000
 1    20 2 803.0   8.00   811.0000
 1    20 3 828.0   8.20   836.2000
 1    20 4 714.0   7.10   721.1000
 1    20 5 848.0   8.40   856.4000
 1    20 6 808.0   8.00   816.0000
 2     7 1 141.0   1.80   142.8000
 2     7 2 153.0   2.00   155.0000
 2     7 3 168.0   2.90   170.9000
 2     7 4 270.0   2.00   272.0000
 2     7 5 146.0   2.80   148.8000
 2     7 6 250.0   3.20   253.2000
 2     8 1 244.0   3.30   247.3000
 2     8 2 134.0   3.50   137.5000
 2     8 3 142.0   4.60   146.6000
 2     8 4 253.0   3.20   256.2000
 2     8 5 261.0   3.30   264.3000
 2     8 6 234.0   4.80   238.8000
 2     9 1 342.0   8.20   350.2000
 2     9 2 359.0   8.70   367.7000
 2     9 3 349.0   8.20   357.2000
 2     9 4 359.0   7.00   366.0000
 2     9 5 369.0   9.30   378.3000
 2     9 6 330.0   7.10   337.1000
 2    10 1 448.0   2.10   450.1000
 2    10 2 465.0   1.60   466.6000
 2    10 3 431.0   1.60   432.6000
 2    10 4 449.0   2.00   451.0000
 2    10 5 459.0   2.20   461.2000
 2    10 6 440.0   2.70   442.7000
 2    11 1 243.0   5.70   248.7000
 2    11 2 163.0   6.60   169.6000
 2    11 3 250.0   6.60   256.6000
 2    11 4 244.0   5.80   249.8000
 2    11 5 210.0   5.00   215.0000
 2    11 6 231.0   7.30   238.3000
 2    12 1 246.0   1.30   247.3000
 2    12 2 440.0   1.40   441.4000
 2    12 3 444.0   1.30   445.3000
 2    12 4 454.0   1.00   455.0000
 2    12 5 462.0   1.90   463.9000
 2    12 6 464.0   1.20   465.2000
 2    19 1 141.0   1.80   142.8000
 2    19 2 154.0   1.80   155.8000
 2    19 3 172.0   1.10   173.1000
 2    19 4 269.0   2.90   271.9000
 2    19 5 249.0   2.20   251.2000
 2    19 6 259.0   1.20   260.2000
 2    20 1 759.0   7.10   766.1000
 2    20 2 840.0   8.10   848.1000
 2    20 3 838.0   8.20   846.2000
 2    20 4 741.0   6.20   747.2000
 2    20 5 845.0   7.20   852.2000
 2    20 6 806.0   7.40   813.4000
 3    13 1 569.0   5.60   574.6000
 3    13 2 460.0   4.60   464.6000
 3    13 3 433.0   4.30   437.3000
 3    13 4 373.0   3.70   376.7000
 3    13 5 480.0   4.80   484.8000
 3    13 6 384.0   3.80   387.8000
 3    14 1 490.0   4.90   494.9000
 3    14 2 191.0   1.90   192.9000
 3    14 3 406.0   4.00   410.0000
 3    14 4 500.0   5.00   505.0000
 3    14 5 424.0   4.20   428.2000
 3    14 6 314.0   3.10   317.1000
 3    15 1 842.0   8.40   850.4000
 3    15 2 703.0   7.00   710.0000
 3    15 3 881.0   8.80   889.8000
 3    15 4 804.0   8.00   812.0000
 3    15 5 912.0   9.10   921.1000
 3    15 6 929.0   9.20   938.2000
 3    16 1 739.0   7.30   746.3000
 3    16 2 749.0   7.40   756.4000
 3    16 3 629.0   6.20   635.2000
 3    16 4 630.0   6.30   636.3000
 3    16 5 848.0   8.40   856.4000
 3    16 6 721.0   7.20   728.2000
 3    17 1 931.0   9.30   940.3000
 3    17 2 849.0   8.40   857.4000
 3    17 3 988.0   9.80   997.8000
 3    17 4 880.0   8.80   888.8000
 3    17 5 893.0   8.90   901.9000
 3    17 6 993.0   9.90  1002.9000
 3    18 1 290.0   2.90   292.9000
 3    18 2 204.0   2.00   206.0000
 3    18 3 380.0   3.80   383.8000
 3    18 4 311.0   3.10   314.1000
 3    18 5 215.0   2.10   217.1000
 3    18 6 295.0   2.90   297.9000
 3    19 1 190.0   1.90   191.9000
 3    19 2 109.0   1.00   110.0000
 3    19 3 239.0   2.30   241.3000
 3    19 4 137.0   1.30   138.3000
 3    19 5 200.0   2.00   202.0000
 3    19 6 146.0   1.40   147.4000
 3    20 1 200.0   2.00   202.0000
 3    20 2 218.0   2.10   220.1000
 3    20 3 132.0   1.30   133.3000
 3    20 4 249.0   2.40   251.4000
 3    20 5 235.0   2.30   237.3000
 3    20 6 202.0   2.00   204.0000
