2.4 1 19.35
2.4 2 13.08
5 1 24.66
1.9 1 24.82
1.9 1 25.39
5.9 1 25.54
3 1 25.62
9 1 26.04
8.4 1 26.26
8.4 1 26.26
2.5 1 26.6
6.7 1 26.87
8.5 1 27.85
2.4 2 27.86
3.4 1 27.93
2.3 1 28.32
1.4 3 29
2 1 29.91
1.9 2 30.83
6.3 2 31.68
5.9 2 32.02
7.4 2 32.22
2.7 2 34.32
7.4 2 34.32
4 2 34.78
7.6 2 35.01
7.1 2 37.11
4.9 2 37.41
5.5 2 38.7
1.5 3 29
8.7 3 45.15
2.5 3 48.17
9 3 48.52
6.4 3 49.42
5.7 3 49.44
3.8 3 50.91
7.6 3 51.9
4.1 3 52.4
3.4 3 52.7
4.7 3 53.61
7.4 3 53.83
7.4 3 53.86
2.9 3 54.18
7.7 3 54.9
4.4 3 54.92
5.3 3 54.97
6.7 3 55.1
4.4 4 67.35
4.1 4 67.73
9.2 4 68.6
5.1 4 70.1
4 4 70.16
6 4 70.81
4.4 4 71.81
4.6 4 72.02
1.8 4 74.36
5.3 4 75.59
3.3 4 75.92
2.7 5 83
5.9 5 85.09
8 5 86.86
7.6 5 87.91
7.1 5 96.21
3 5 99
6.6 5 100.88
3.5 5 106.96
1.9 2 30.83
6 2 36.95
4.4 2 39.59
5.4 2 40.69
6.3 2 41.25
5.4 2 41.31
3 2 41.94
11.3 1 34.18
4 2 34.3
6.4 2 34.4
