 5  0.93613  2.3898  0.67175  0.84434  0.90526  0.37007  0.039277  0.28077  0.048447  0.11955  0.014091  0.0037887  0.00042459  1.2593 
 8  0.98592  6.0269  0.83884  0.96027  0.96842  0.28345  0.025004  0.11379  0.021226  0.080869  0.0064972  0.001957  0.00009165  0.64839 
 9  0.64803  1.392  0.41362  0.89752  0.96316  0.50892  0.026737  0.1301  0.058284  0.15033  0.022099  0.0078269  0.00036426  1.184 
 11  0.39092  1.087  0.68174  0.50961  0.6614  0.15361  0.14082  3.6093  0.028638  0.089135  0.0078824  0.0021177  0.00021044  0.90082 
 14  0.93802  2.8087  0.65774  0.97091  1  0.58194  0.0067321  0.0082485  0.052218  0.13491  0.017874  0.0057374  0.00030246  1.2161 
 15  0.60319  1.088  0.51739  0.7638  0.90175  0.23802  0.077022  1.0797  0.10994  0.17976  0.031303  0.0088846  0.00087888  2.6613 
 15  0.44271  1.0836  0.49548  0.74434  0.87018  0.26478  0.079481  1.1497  0.10151  0.1726  0.028929  0.0076406  0.00084487  2.389 
 22  0.86049  2.0997  0.532  0.9358  0.98772  0.5343  0.033994  0.21032  0.040254  0.13592  0.01814  0.0080226  0.00010143  0.82059 
 22  0.89808  2.4056  0.59137  0.93186  0.98596  0.51229  0.029398  0.15729  0.044185  0.15479  0.0234  0.012336  0.00007634  0.78887 
 25  0.83094  1.6643  0.49439  0.96016  0.99649  0.65605  0.023841  0.10345  0.12266  0.24766  0.057789  0.025308  0.00078336  1.7001 
 26  0.482  1.1415  0.15235  0.98536  1  0.85572  0.0072199  0.009487  0.021863  0.079283  0.0062465  0.0017479  0.00013143  0.69178 
 30  0.52914  1.2066  0.25595  0.93945  0.97895  0.51693  0.019009  0.065765  0.14675  0.19841  0.037876  0.0073471  0.0023476  2.7085 
 30  0.35141  1.1428  0.24265  0.93638  0.99123  0.47846  0.019721  0.070781  0.1074  0.18794  0.034115  0.0089893  0.0015026  1.9019 
 33  0.71999  1.569  0.37089  0.97599  0.99825  0.77145  0.013975  0.035546  0.11997  0.19286  0.035863  0.0086099  0.001837  2.1311 
 34  0.99571  10.352  0.90609  0.90652  0.97895  0.16732  0.025787  0.12103  0.023523  0.089455  0.0079387  0.0028882  0.00006932  0.73774 
 34  0.99569  9.9653  0.90578  0.91515  0.9807  0.17113  0.023896  0.10392  0.020381  0.082596  0.0067759  0.0024074  0.00005048  0.67264 
 34  0.9967  11.361  0.914  0.91815  0.93684  0.14435  0.019976  0.072629  0.020667  0.085514  0.0072595  0.0028469  0.00004649  0.67925 
 34  0.99841  16.832  0.94116  0.85531  0.9  0.094537  0.035845  0.23384  0.012341  0.066682  0.0044268  0.0017052  0.00001772  0.41828 
 34  0.99799  15.068  0.93667  0.8807  0.95789  0.12132  0.032164  0.18828  0.011686  0.054827  0.002997  0.00086356  0.00004379  0.50576 
 34  0.99512  10.377  0.90564  0.92135  0.99825  0.17941  0.016647  0.050433  0.0204  0.071662  0.0051092  0.0012661  0.00017021  0.71514 
 34  0.99505  10.736  0.90851  0.92586  0.99649  0.18236  0.028571  0.14856  0.017761  0.06961  0.0048222  0.0013129  0.00013111  0.59218 
 34  0.99515  10.007  0.90328  0.91594  0.97719  0.16244  0.033129  0.19975  0.017258  0.070646  0.004966  0.0014641  0.00007156  0.59946 
 34  0.99871  19.038  0.94834  0.851  0.90702  0.086183  0.073048  0.97117  0.0078165  0.048089  0.0023072  0.00075332  0.00001292  0.34029 
 35  0.9109  2.5488  0.6106  0.97388  0.99825  0.55818  0.01972  0.070775  0.10132  0.17022  0.028158  0.0074614  0.0010974  2.3847 
 35  0.90391  2.458  0.5977  0.9861  1  0.61429  0.0067013  0.0081731  0.08902  0.16706  0.027151  0.007219  0.00096593  1.8937 
 35  0.90755  2.582  0.62394  0.96837  0.99825  0.55674  0.031714  0.18305  0.079387  0.16213  0.025613  0.0074124  0.00069878  1.6951 
 35  0.8942  2.4203  0.59323  0.98407  1  0.60794  0.01743  0.055294  0.10102  0.18748  0.033957  0.0098155  0.0011793  1.8275 
 35  0.93847  3.0198  0.67312  0.98733  1  0.53234  0.0076393  0.010621  0.07629  0.18017  0.03144  0.011932  0.00072251  1.2434 
 35  0.89518  2.3875  0.581  0.98796  1  0.63833  0.0077926  0.011052  0.07304  0.1591  0.024688  0.0073807  0.00084138  1.408 
 35  0.91707  2.6504  0.63359  0.96002  0.99298  0.53972  0.012062  0.026481  0.10121  0.18433  0.032861  0.0089657  0.0014149  1.7979 
 36  0.39093  1.1025  0.73351  0.72022  0.69474  0.17954  0.076072  1.0532  0.059213  0.15747  0.024197  0.0095408  0.00024731  1.2042 
 36  0.14986  1.0558  0.77733  0.73454  0.66316  0.1688  0.08041  1.1768  0.10395  0.1806  0.031585  0.0080165  0.0014315  1.9975 
 36  0.68069  1.1866  0.78745  0.73496  0.6  0.14029  0.072447  0.95524  0.09277  0.18451  0.032923  0.010852  0.00059383  1.8568 
 36  0.47195  1.0901  0.85409  0.53598  0.39649  0.078376  0.13227  3.184  0.082007  0.18782  0.034074  0.013487  0.00032855  1.5623 
