1 1 2173
1 2 2157
1 3 2166
2 1 1851
2 2 1260
2 3 1074
3 1 2015
3 2 2026
3 3 2238
4 1 2188
4 2 2184
4 3 2716
5 1 2067
5 2 1556
5 3 1755
6 1 1050
6 2 2031
6 3 1816
7 1 1127
7 2 2256
7 3 2071
8 1 2334
8 2 1849
8 3 2347
9 1 1576
9 2 1144
9 3 1320
10 1 1504
10 2 1757
10 3 1508
11 1 1904
11 2 1853
11 3 1731
12 1 1787
12 2 2052
12 3 2137
13 1 2002
13 2 1862
13 3 1972
14 1 2064
14 2 2430
14 3 2641
15 1 1893
15 2 1573
15 3 1472
16 1 1579
16 2 1795
16 3 2664
17 1 1427
17 2 1069
17 3 2472
18 1 1385
18 2 1417
18 3 1405
19 1 1790
19 2 2229
19 3 2201
20 1 2114
20 2 1976
20 3 2423
21 1 2080
21 2 1985
21 3 2324
