1 0.72694000 1.47420000 0.32396000 0.98535000 1.00000000 0.83592000 0.00465660 0.00394650 0.04779000 0.12795000 0.01610800 0.00523230 0.00027477 1.17560000 
1 0.74173000 1.52570000 0.36116000 0.98152000 0.99825000 0.79867000 0.00524230 0.00500160 0.02416000 0.09047600 0.00811950 0.00270800 0.00007485 0.69659000 
1 0.76722000 1.57250000 0.38998000 0.97755000 1.00000000 0.80812000 0.00745730 0.01012100 0.01189700 0.05744500 0.00328910 0.00092068 0.00003789 0.44348000 
1 0.73797000 1.45970000 0.35376000 0.97566000 1.00000000 0.81697000 0.00687680 0.00860680 0.01595000 0.06549100 0.00427070 0.00115440 0.00006627 0.58785000 
1 0.82301000 1.77070000 0.44462000 0.97698000 1.00000000 0.75493000 0.00742800 0.01004200 0.00793790 0.04533900 0.00205140 0.00055986 0.00002350 0.34214000 
1 0.72997000 1.48920000 0.34284000 0.98755000 1.00000000 0.84482000 0.00494510 0.00445060 0.01048700 0.05852800 0.00341380 0.00112480 0.00002480 0.34068000 
1 0.82063000 1.75290000 0.44458000 0.97964000 0.99649000 0.76770000 0.00592790 0.00639540 0.01837500 0.08058700 0.00645230 0.00227130 0.00004150 0.53904000 
1 0.77982000 1.62150000 0.39222000 0.98512000 0.99825000 0.80816000 0.00509870 0.00473140 0.02487500 0.08968600 0.00797940 0.00246640 0.00014676 0.66975000 
1 0.83089000 1.81990000 0.45693000 0.98240000 1.00000000 0.77106000 0.00600550 0.00656400 0.00724470 0.04061600 0.00164690 0.00038812 0.00003286 0.33696000 
1 0.90631000 2.39060000 0.58336000 0.97683000 0.99825000 0.66419000 0.00840190 0.01284800 0.00700960 0.04234700 0.00179010 0.00045889 0.00002825 0.28082000 
1 0.74590000 1.49270000 0.34116000 0.98296000 1.00000000 0.83088000 0.00556650 0.00563950 0.00576790 0.03651100 0.00133130 0.00030872 0.00003184 0.25026000 
1 0.79606000 1.69340000 0.43387000 0.98181000 1.00000000 0.76985000 0.00779920 0.01107100 0.01367700 0.05783200 0.00333340 0.00081648 0.00013855 0.49751000 
2 0.93361000 2.75820000 0.64257000 0.98346000 1.00000000 0.59851000 0.00553360 0.00557310 0.02971200 0.08988900 0.00801530 0.00206480 0.00023883 0.91499000 
2 0.91186000 2.49940000 0.60323000 0.98300000 1.00000000 0.64916000 0.00614940 0.00688230 0.01888700 0.07248600 0.00522670 0.00148870 0.00008327 0.67811000 
2 0.89063000 2.29270000 0.56667000 0.98732000 1.00000000 0.66427000 0.00283650 0.00146430 0.02927200 0.09132800 0.00827170 0.00223830 0.00020166 0.87177000 
2 0.86755000 2.00900000 0.51464000 0.98691000 1.00000000 0.70277000 0.00544390 0.00539370 0.03034800 0.09206300 0.00840440 0.00225410 0.00019854 0.94545000 
2 0.91852000 2.52470000 0.61648000 0.97870000 1.00000000 0.63037000 0.00504940 0.00464040 0.02309000 0.08202900 0.00668390 0.00189290 0.00012452 0.71713000 
2 0.88795000 2.20380000 0.56218000 0.97835000 0.99825000 0.64158000 0.00592420 0.00638740 0.03272200 0.09296900 0.00856910 0.00211990 0.00027729 1.00800000 
2 0.85121000 1.95480000 0.48920000 0.98622000 1.00000000 0.70267000 0.00397330 0.00287330 0.02025800 0.07084100 0.00499330 0.00122740 0.00014929 0.74174000 
2 0.89084000 2.29790000 0.57815000 0.97389000 1.00000000 0.64598000 0.01527100 0.04244300 0.02846100 0.08647700 0.00742280 0.00188320 0.00024345 0.91307000 
2 0.93062000 2.89730000 0.65828000 0.98182000 1.00000000 0.57950000 0.00648940 0.00766450 0.02360600 0.07223700 0.00519100 0.00112170 0.00025558 0.90513000 
2 0.84113000 1.86000000 0.46549000 0.99039000 1.00000000 0.75976000 0.00467590 0.00397930 0.06279800 0.13234000 0.01721300 0.00445280 0.00065523 1.65300000 
3 0.70273000 1.20990000 0.36317000 0.92110000 0.98772000 0.60555000 0.02359700 0.10134000 0.08930100 0.20088000 0.03878600 0.01589500 0.00040490 1.53710000 
3 0.66307000 1.20650000 0.32559000 0.94952000 0.99649000 0.75954000 0.01338800 0.03262100 0.02181500 0.09714300 0.00934850 0.00402840 0.00003630 0.53410000 
3 0.61289000 1.09910000 0.33117000 0.92405000 0.98421000 0.61661000 0.02554500 0.11877000 0.05468700 0.16060000 0.02514500 0.01167200 0.00012121 1.10760000 
3 0.70668000 1.25100000 0.38111000 0.94226000 0.99825000 0.69250000 0.01943200 0.06872400 0.03158700 0.11502000 0.01305600 0.00531120 0.00008635 0.72247000 
3 0.66889000 1.14350000 0.38460000 0.90355000 0.99649000 0.60571000 0.02832900 0.14606000 0.05750600 0.15931000 0.02475200 0.01030400 0.00018533 1.13650000 
3 0.50139000 1.00660000 0.29593000 0.91585000 0.99825000 0.64029000 0.02178200 0.08634700 0.05463500 0.15980000 0.02489900 0.01110600 0.00016162 1.05110000 
3 0.60803000 1.06460000 0.34460000 0.90487000 0.99649000 0.67517000 0.03191500 0.18538000 0.06245000 0.16411000 0.02622500 0.01060200 0.00022964 1.23070000 
3 0.56599000 1.04270000 0.35318000 0.89086000 0.99825000 0.62068000 0.03297100 0.19785000 0.02634800 0.10589000 0.01108800 0.00465050 0.00005205 0.62671000 
3 0.68605000 1.16320000 0.37528000 0.91639000 0.99825000 0.61136000 0.03033900 0.16753000 0.05840100 0.16858000 0.02763300 0.01288600 0.00015525 1.08150000 
3 0.59571000 1.08400000 0.32592000 0.92056000 0.99825000 0.65698000 0.02475300 0.11151000 0.04205100 0.14722000 0.02121300 0.01088100 0.00006468 0.83221000 
4 0.39432000 1.11910000 0.17272000 0.96806000 0.99298000 0.73417000 0.01249900 0.02843200 0.07306300 0.13718000 0.01847000 0.00405970 0.00090977 1.88930000 
4 0.62011000 1.32980000 0.28360000 0.96952000 0.99825000 0.77871000 0.00865620 0.01363700 0.04722000 0.11860000 0.01387200 0.00375490 0.00044188 1.20240000 
4 0.73429000 1.50690000 0.40827000 0.94518000 1.00000000 0.62558000 0.01498700 0.04087900 0.03811300 0.09218800 0.00842690 0.00177730 0.00047378 1.33500000 
4 0.64161000 1.30040000 0.31556000 0.93324000 0.97895000 0.65487000 0.01796300 0.05872900 0.03089700 0.08221000 0.00671320 0.00146780 0.00029878 1.23590000 
4 0.64056000 1.31660000 0.28616000 0.97053000 0.99649000 0.77183000 0.00916320 0.01528100 0.02041300 0.06557500 0.00428170 0.00089749 0.00020433 0.86218000 
4 0.74242000 1.55290000 0.38804000 0.95593000 0.99474000 0.68188000 0.01290400 0.03030600 0.02067900 0.06424200 0.00411010 0.00079505 0.00026812 0.87687000 
4 0.39289000 1.12860000 0.17039000 0.96405000 1.00000000 0.79407000 0.01176100 0.02517600 0.02540900 0.07821100 0.00607980 0.00152990 0.00015762 1.03260000 
4 0.53017000 1.25030000 0.23254000 0.97337000 1.00000000 0.82703000 0.00662630 0.00799130 0.04854100 0.10941000 0.01182800 0.00278090 0.00048839 1.54520000 
5 0.87844000 1.80960000 0.63151000 0.83923000 0.83684000 0.37688000 0.04356300 0.34539000 0.04546800 0.12554000 0.01551500 0.00515890 0.00022842 1.13740000 
5 0.88075000 1.73600000 0.58345000 0.83383000 0.91754000 0.41551000 0.04058200 0.29973000 0.03578600 0.10047000 0.00999320 0.00275900 0.00025802 1.09520000 
5 0.86545000 1.88030000 0.62039000 0.82443000 0.85439000 0.33077000 0.04700000 0.40204000 0.03951800 0.11570000 0.01321000 0.00424060 0.00020084 1.01360000 
5 0.93671000 2.41510000 0.72980000 0.81793000 0.86491000 0.33439000 0.08053900 1.18050000 0.04872200 0.12051000 0.01431400 0.00399830 0.00037216 1.30830000 
5 0.92676000 2.22200000 0.65580000 0.82432000 0.89474000 0.35618000 0.03801200 0.26298000 0.05998100 0.14901000 0.02172300 0.00752510 0.00028398 1.35300000 
5 0.90944000 2.11390000 0.69555000 0.80873000 0.85263000 0.31039000 0.04726700 0.40663000 0.03944600 0.10517000 0.01093900 0.00289130 0.00029366 1.16020000 
5 0.89493000 2.04940000 0.64925000 0.81682000 0.83509000 0.35318000 0.04995500 0.45418000 0.04180800 0.12036000 0.01428000 0.00480070 0.00017096 1.09620000 
5 0.93613000 2.38980000 0.67175000 0.84434000 0.90526000 0.37007000 0.03927700 0.28077000 0.04844700 0.11955000 0.01409100 0.00378870 0.00042459 1.25930000 
5 0.88172000 1.77400000 0.63974000 0.84990000 0.87368000 0.34354000 0.05177600 0.48790000 0.06103000 0.15190000 0.02255400 0.00808130 0.00025039 1.38050000 
5 0.86224000 1.74340000 0.62464000 0.85754000 0.89298000 0.32238000 0.05079200 0.46952000 0.06442800 0.16335000 0.02598900 0.01018900 0.00023873 1.33430000 
5 0.82268000 1.66570000 0.59909000 0.84493000 0.85614000 0.32056000 0.04880300 0.43348000 0.07928200 0.18571000 0.03333800 0.01352300 0.00027502 1.53770000 
5 0.82135000 1.60350000 0.60250000 0.84981000 0.87544000 0.31304000 0.05607900 0.57236000 0.06923900 0.16319000 0.02594000 0.00929180 0.00032134 1.46860000 
6 0.46348000 1.05440000 0.72231000 0.63754000 0.47544000 0.20039000 0.14864000 4.02120000 0.01091700 0.05349400 0.00285340 0.00087543 0.00002959 0.53199000 
6 0.50784000 1.05440000 0.62300000 0.73625000 0.59649000 0.27687000 0.13296000 3.21760000 0.01481600 0.06704400 0.00447480 0.00137370 0.00003792 0.52114000 
6 0.47728000 1.21150000 0.68343000 0.76364000 0.56667000 0.23896000 0.10747000 2.10220000 0.02403600 0.08062300 0.00645810 0.00183120 0.00010648 0.90702000 
6 0.52744000 1.04190000 0.51662000 0.77201000 0.84211000 0.33784000 0.11438000 2.38110000 0.02540000 0.08204700 0.00668680 0.00179820 0.00012196 0.94400000 
6 0.50964000 1.20670000 0.70618000 0.72175000 0.56491000 0.21009000 0.11264000 2.30930000 0.02118100 0.08030600 0.00640770 0.00203230 0.00006583 0.73274000 
6 0.63965000 1.23230000 0.60663000 0.77037000 0.62105000 0.24135000 0.12438000 2.81550000 0.02543800 0.09621500 0.00917230 0.00342080 0.00005157 0.75194000 
6 0.71847000 1.22910000 0.69300000 0.75574000 0.66667000 0.26004000 0.09882300 1.77740000 0.02121700 0.07320100 0.00532990 0.00136120 0.00012452 0.79862000 
6 0.47815000 1.10320000 0.52998000 0.81654000 0.81930000 0.33753000 0.11547000 2.42680000 0.00685900 0.04207100 0.00176680 0.00047564 0.00001440 0.30832000 
7 0.84886000 1.70110000 0.53480000 0.81465000 0.97018000 0.37276000 0.03542400 0.22838000 0.03884600 0.11920000 0.01400900 0.00574240 0.00010856 1.22690000 
7 0.83755000 1.56340000 0.53329000 0.76697000 0.95088000 0.27825000 0.03959200 0.28528000 0.02315200 0.08783800 0.00765640 0.00281870 0.00005631 0.80790000 
7 0.84315000 1.81340000 0.54611000 0.84406000 0.96667000 0.49437000 0.03850900 0.26990000 0.05465300 0.14411000 0.02034500 0.00826540 0.00016275 1.49500000 
7 0.82602000 1.66370000 0.49244000 0.88620000 0.99298000 0.57136000 0.02215200 0.08930600 0.03444400 0.10120000 0.01013800 0.00307080 0.00016513 1.10470000 
7 0.86486000 1.79860000 0.55606000 0.87745000 0.97018000 0.52669000 0.02955500 0.15898000 0.02788300 0.09286600 0.00855040 0.00315770 0.00012091 0.99610000 
7 0.84563000 1.74180000 0.49818000 0.92748000 1.00000000 0.62301000 0.01470800 0.03937400 0.02502800 0.07766700 0.00599590 0.00210500 0.00029619 1.18990000 
7 0.87163000 2.06590000 0.55339000 0.94868000 1.00000000 0.60231000 0.03167100 0.18255000 0.04970600 0.13440000 0.01774200 0.00669210 0.00016133 1.40160000 
7 0.86587000 1.99990000 0.52725000 0.97215000 0.99474000 0.67283000 0.00929560 0.01572600 0.02119200 0.07394600 0.00543830 0.00146730 0.00015488 0.78201000 
7 0.82373000 1.64210000 0.47458000 0.85777000 0.98421000 0.50374000 0.02004900 0.07315700 0.01869800 0.07556700 0.00567800 0.00235170 0.00008791 0.76580000 
7 0.84285000 1.85720000 0.51931000 0.91339000 0.97544000 0.60526000 0.02873400 0.15027000 0.03828300 0.11560000 0.01318600 0.00488670 0.00012558 1.11850000 
8 0.98502000 6.05960000 0.83612000 0.97628000 0.98772000 0.31546000 0.02322000 0.09813300 0.03683000 0.10661000 0.01123800 0.00329080 0.00022206 1.01850000 
8 0.98487000 6.02290000 0.83628000 0.96522000 1.00000000 0.29509000 0.02466700 0.11074000 0.03030000 0.09709500 0.00933940 0.00278330 0.00018341 0.85025000 
8 0.98853000 6.62800000 0.84928000 0.96861000 0.97719000 0.27717000 0.02903200 0.15340000 0.03272200 0.10283000 0.01046200 0.00333870 0.00013116 0.94985000 
8 0.98326000 5.83080000 0.82878000 0.96489000 1.00000000 0.30777000 0.01467200 0.03917800 0.01927800 0.07311800 0.00531780 0.00146570 0.00009788 0.66403000 
8 0.98592000 6.02690000 0.83884000 0.96027000 0.96842000 0.28345000 0.02500400 0.11379000 0.02122600 0.08086900 0.00649720 0.00195700 0.00009165 0.64839000 
8 0.98695000 6.29040000 0.84124000 0.97085000 1.00000000 0.29288000 0.02322100 0.09814000 0.02585900 0.08982100 0.00800320 0.00249190 0.00009788 0.81120000 
8 0.98717000 6.51730000 0.84726000 0.96846000 1.00000000 0.28899000 0.02205600 0.08854000 0.04212400 0.11842000 0.01382900 0.00438180 0.00020215 1.09800000 
8 0.98361000 5.87190000 0.82847000 0.95488000 0.98421000 0.32134000 0.04016400 0.29359000 0.03924300 0.11622000 0.01332700 0.00438720 0.00019465 1.00060000 
8 0.98643000 6.12730000 0.84737000 0.95274000 0.89649000 0.29982000 0.01942100 0.06864300 0.02898600 0.09564200 0.00906450 0.00275260 0.00014425 0.82529000 
8 0.98600000 6.17630000 0.83942000 0.97837000 0.99298000 0.31607000 0.01176900 0.02520800 0.05104800 0.13524000 0.01796100 0.00601760 0.00031280 1.16600000 
8 0.98824000 7.14200000 0.86069000 0.96683000 0.99474000 0.26951000 0.02169700 0.08568000 0.02436100 0.08710800 0.00753070 0.00230550 0.00009793 0.73960000 
9 0.47821000 1.20590000 0.34976000 0.90378000 0.99649000 0.51298000 0.03016600 0.16561000 0.08250900 0.17347000 0.02921300 0.00930490 0.00067871 1.59560000 
9 0.53941000 1.27800000 0.32286000 0.91793000 0.97368000 0.63545000 0.03488400 0.22147000 0.06096700 0.15124000 0.02236200 0.00763890 0.00043953 1.25410000 
9 0.54833000 1.27330000 0.31093000 0.93409000 0.99825000 0.59707000 0.01796600 0.05874400 0.04368500 0.12505000 0.01539700 0.00510370 0.00042441 0.94617000 
9 0.58938000 1.32320000 0.40145000 0.89009000 0.98421000 0.43977000 0.04790700 0.41770000 0.11488000 0.19211000 0.03559200 0.00918380 0.00154240 2.10040000 
9 0.64803000 1.39200000 0.41362000 0.89752000 0.96316000 0.50892000 0.02673700 0.13010000 0.05828400 0.15033000 0.02209900 0.00782690 0.00036426 1.18400000 
9 0.54029000 1.27590000 0.36992000 0.88831000 0.97719000 0.54283000 0.02813800 0.14410000 0.05155400 0.14256000 0.01991700 0.00745010 0.00020354 1.14270000 
9 0.43090000 1.28250000 0.38769000 0.85341000 0.96667000 0.46204000 0.05240300 0.49979000 0.06768800 0.16198000 0.02556600 0.00910420 0.00043085 1.35960000 
9 0.46590000 1.21950000 0.27095000 0.94433000 1.00000000 0.66599000 0.01332200 0.03229900 0.02433200 0.10405000 0.01071000 0.00471350 0.00004631 0.56447000 
9 0.48670000 1.21650000 0.37691000 0.90161000 0.99474000 0.54006000 0.03218100 0.18848000 0.09871600 0.18377000 0.03267000 0.00952900 0.00095661 1.90180000 
9 0.46098000 1.21990000 0.32967000 0.90459000 1.00000000 0.56329000 0.02706100 0.13328000 0.09215600 0.18249000 0.03223000 0.01007600 0.00090962 1.71560000 
9 0.73086000 1.52850000 0.46455000 0.87291000 0.97193000 0.48650000 0.03428900 0.21399000 0.02898000 0.10191000 0.01028000 0.00358590 0.00010051 0.76676000 
9 0.51577000 1.29020000 0.32454000 0.92080000 0.99474000 0.62017000 0.02387900 0.10378000 0.04750100 0.12228000 0.01473200 0.00421290 0.00056945 1.12320000 
9 0.59837000 1.35390000 0.35704000 0.93647000 0.99825000 0.64448000 0.01981800 0.07148400 0.04532600 0.13137000 0.01696600 0.00598170 0.00035320 0.93682000 
9 0.55112000 1.28210000 0.39683000 0.88375000 0.99649000 0.49492000 0.03057600 0.17015000 0.06201500 0.14621000 0.02093000 0.00636850 0.00067747 1.26590000 
10 0.44941000 1.13740000 0.38458000 0.90736000 0.97368000 0.54595000 0.04780900 0.41601000 0.11385000 0.18608000 0.03346700 0.00823950 0.00126820 2.24220000 
10 0.46727000 1.18760000 0.36748000 0.91542000 0.97719000 0.57995000 0.05133500 0.47962000 0.13764000 0.18732000 0.03389900 0.00616360 0.00293580 2.55510000 
10 0.55362000 1.24380000 0.39517000 0.91092000 0.97193000 0.51113000 0.04632300 0.39055000 0.08315400 0.17465000 0.02960000 0.00945740 0.00074607 1.58070000 
10 0.32175000 1.17820000 0.32151000 0.91803000 0.97544000 0.58719000 0.04593300 0.38400000 0.07681800 0.14622000 0.02093100 0.00481740 0.00140910 1.67490000 
10 0.64414000 1.37000000 0.42697000 0.91457000 0.96491000 0.44764000 0.05541100 0.55882000 0.12030000 0.19149000 0.03537300 0.00843150 0.00181370 2.21370000 
10 0.55977000 1.34420000 0.34301000 0.92980000 0.97544000 0.57879000 0.05356400 0.52218000 0.14905000 0.25543000 0.06124900 0.02381000 0.00059701 2.41300000 
10 0.50114000 1.24990000 0.30101000 0.94477000 0.98070000 0.67430000 0.04940000 0.44415000 0.09625200 0.23034000 0.05038200 0.02587700 0.00026934 1.44630000 
10 0.23041000 1.12940000 0.25496000 0.94201000 0.97368000 0.60840000 0.04072200 0.30180000 0.10957000 0.23571000 0.05263600 0.02418000 0.00042353 1.66480000 
10 0.46094000 1.13660000 0.22905000 0.95565000 0.97544000 0.71234000 0.03828600 0.26678000 0.11753000 0.22041000 0.04632900 0.01655400 0.00064766 1.98660000 
10 0.54913000 1.27690000 0.31283000 0.93889000 0.99123000 0.59330000 0.04153900 0.31404000 0.15188000 0.26050000 0.06355000 0.02379000 0.00084300 2.20300000 
10 0.32168000 1.11270000 0.27055000 0.95426000 0.99298000 0.70006000 0.05426000 0.53584000 0.10967000 0.21507000 0.04421200 0.01625200 0.00061195 1.84520000 
10 0.38564000 1.04710000 0.23328000 0.95176000 0.97368000 0.67107000 0.05083200 0.47028000 0.13563000 0.24744000 0.05769300 0.02200000 0.00086835 1.97570000 
10 0.36127000 1.05730000 0.26213000 0.93923000 0.96667000 0.59302000 0.04962000 0.44811000 0.19067000 0.28081000 0.07308900 0.02382500 0.00125010 2.66040000 
11 0.51247000 1.11160000 0.65626000 0.57724000 0.59298000 0.16867000 0.11187000 2.27760000 0.01600100 0.06123800 0.00373610 0.00087861 0.00010284 0.65080000 
11 0.54893000 1.11110000 0.63983000 0.56623000 0.60000000 0.15743000 0.13081000 3.11430000 0.02123100 0.07972200 0.00631550 0.00191230 0.00007392 0.71949000 
11 0.43425000 1.09500000 0.68828000 0.52398000 0.54211000 0.15396000 0.13761000 3.44620000 0.02114700 0.07320200 0.00532990 0.00134000 0.00016376 0.75496000 
11 0.38501000 1.06560000 0.63042000 0.51223000 0.59123000 0.13705000 0.12292000 2.74980000 0.03337300 0.09890700 0.00968790 0.00278720 0.00021426 1.00150000 
11 0.26758000 1.13160000 0.60128000 0.54301000 0.77368000 0.20311000 0.15354000 4.29040000 0.01794500 0.07145000 0.00507920 0.00146520 0.00007248 0.63273000 
11 0.24465000 1.04700000 0.60511000 0.56524000 0.79474000 0.21788000 0.12522000 2.85400000 0.03759500 0.12700000 0.01587400 0.00658700 0.00010798 0.83310000 
11 0.39092000 1.08700000 0.68174000 0.50961000 0.66140000 0.15361000 0.14082000 3.60930000 0.02863800 0.08913500 0.00788240 0.00211770 0.00021044 0.90082000 
11 0.40420000 1.09650000 0.65899000 0.52833000 0.68421000 0.17710000 0.13017000 3.08370000 0.02905700 0.09683600 0.00929020 0.00289270 0.00012650 0.82383000 
11 0.50692000 1.12700000 0.67203000 0.53024000 0.75263000 0.16792000 0.13006000 3.07880000 0.01527900 0.05759200 0.00330590 0.00072847 0.00010983 0.67289000 
11 0.47565000 1.06560000 0.69172000 0.52330000 0.49649000 0.14133000 0.12987000 3.06970000 0.02397700 0.08420000 0.00703970 0.00208450 0.00011284 0.77399000 
11 0.52382000 1.11170000 0.67175000 0.54701000 0.62982000 0.15157000 0.13674000 3.40280000 0.02643400 0.08579200 0.00730640 0.00213730 0.00016583 0.90513000 
11 0.36462000 1.08110000 0.67755000 0.49042000 0.68772000 0.14118000 0.12430000 2.81180000 0.03786600 0.11692000 0.01348500 0.00464750 0.00017690 0.92290000 
11 0.52212000 1.11910000 0.70988000 0.50678000 0.64912000 0.14120000 0.13192000 3.16740000 0.02547800 0.08596400 0.00733560 0.00217930 0.00014850 0.82809000 
11 0.38203000 1.04050000 0.69010000 0.48549000 0.63684000 0.13165000 0.11852000 2.55650000 0.02799700 0.09331200 0.00863200 0.00265910 0.00012469 0.84994000 
11 0.27123000 1.09600000 0.68075000 0.49446000 0.53684000 0.13088000 0.12815000 2.98870000 0.02194300 0.07288200 0.00528380 0.00133910 0.00022058 0.80402000 
11 0.44882000 1.01180000 0.63010000 0.57134000 0.81053000 0.16187000 0.11115000 2.24860000 0.02730900 0.08888900 0.00783930 0.00227340 0.00017545 0.86000000 
12 0.88374000 2.47650000 0.61389000 0.85810000 0.98246000 0.40448000 0.05451100 0.54081000 0.06489000 0.14657000 0.02103200 0.00673780 0.00037204 1.64610000 
12 0.91579000 2.59590000 0.63023000 0.94977000 1.00000000 0.49760000 0.02440400 0.10839000 0.06704400 0.15280000 0.02281400 0.00757080 0.00031405 1.62210000 
12 0.82866000 1.98480000 0.50917000 0.94180000 0.99825000 0.55942000 0.02552400 0.11857000 0.08010300 0.16692000 0.02710700 0.00865480 0.00042650 1.80380000 
12 0.87863000 2.47340000 0.60898000 0.87869000 0.99123000 0.45758000 0.05699400 0.59119000 0.07647100 0.16369000 0.02609500 0.00874820 0.00034348 1.83630000 
12 0.92876000 2.82180000 0.66081000 0.93335000 0.97544000 0.43699000 0.04615200 0.38767000 0.05080600 0.13408000 0.01766100 0.00644210 0.00017937 1.40270000 
12 0.91093000 2.61840000 0.63236000 0.92868000 0.99123000 0.51584000 0.02109100 0.08095600 0.05094000 0.12676000 0.01581500 0.00471380 0.00031804 1.33230000 
12 0.92479000 2.56380000 0.62255000 0.96226000 0.97895000 0.57504000 0.00979270 0.01745300 0.02615600 0.10029000 0.00995800 0.00405050 0.00004466 0.77718000 
12 0.90037000 2.34990000 0.60125000 0.93713000 0.98421000 0.46172000 0.03166000 0.18242000 0.09623500 0.18081000 0.03165800 0.01050000 0.00050824 2.30520000 
12 0.87280000 2.31510000 0.58751000 0.90716000 0.98772000 0.45257000 0.05802900 0.61287000 0.07597000 0.17378000 0.02931300 0.01144800 0.00025642 1.68950000 
12 0.93377000 2.88830000 0.66665000 0.93026000 0.96316000 0.43032000 0.03571000 0.23209000 0.04767500 0.12917000 0.01641200 0.00578660 0.00016113 1.32100000 
12 0.88185000 2.17320000 0.57028000 0.93013000 0.99825000 0.45014000 0.04906200 0.43809000 0.07224600 0.16601000 0.02682000 0.01028800 0.00025030 1.74050000 
12 0.87259000 2.18450000 0.56922000 0.93969000 0.99474000 0.52611000 0.04459800 0.36199000 0.06038800 0.14227000 0.01983900 0.00627050 0.00031494 1.49690000 
13 0.71763000 1.50410000 0.33723000 0.98803000 1.00000000 0.82342000 0.00404210 0.00297360 0.05006400 0.12542000 0.01548600 0.00466290 0.00027091 1.35980000 
13 0.73281000 1.54370000 0.36231000 0.98616000 1.00000000 0.79359000 0.00525930 0.00503420 0.04673100 0.12030000 0.01426500 0.00415630 0.00026442 1.26810000 
13 0.75285000 1.56030000 0.38474000 0.98701000 0.99649000 0.78037000 0.00461100 0.00386950 0.04670500 0.11723000 0.01355600 0.00381640 0.00028371 1.35390000 
13 0.73935000 1.53190000 0.34987000 0.98479000 1.00000000 0.81067000 0.00780790 0.01109500 0.02788800 0.11472000 0.01299000 0.00601660 0.00005010 0.59895000 
13 0.63969000 1.36120000 0.28845000 0.98738000 1.00000000 0.82125000 0.00423180 0.00325930 0.08044600 0.15813000 0.02439400 0.00665060 0.00067629 1.82740000 
13 0.62033000 1.31050000 0.26312000 0.98535000 1.00000000 0.82478000 0.00498960 0.00453110 0.07004200 0.14655000 0.02102500 0.00580180 0.00053019 1.70500000 
13 0.64536000 1.37430000 0.28162000 0.98646000 1.00000000 0.84494000 0.00542700 0.00536020 0.02685300 0.08594900 0.00733300 0.00203340 0.00012813 0.94296000 
13 0.70115000 1.49250000 0.34048000 0.98262000 1.00000000 0.78473000 0.00615110 0.00688620 0.08405000 0.17102000 0.02841800 0.00877250 0.00052855 1.77820000 
13 0.70275000 1.50160000 0.34772000 0.98776000 0.99825000 0.80848000 0.00375340 0.00256400 0.05551200 0.12613000 0.01565900 0.00402200 0.00050106 1.43950000 
13 0.69686000 1.45070000 0.33575000 0.98510000 1.00000000 0.80461000 0.00365820 0.00243560 0.03821100 0.10889000 0.01171700 0.00358100 0.00016657 1.13630000 
13 0.66351000 1.40240000 0.31179000 0.98529000 1.00000000 0.81091000 0.00687040 0.00859070 0.06820600 0.13895000 0.01894000 0.00490980 0.00062422 1.77270000 
13 0.67362000 1.39880000 0.30608000 0.98301000 1.00000000 0.79998000 0.00876210 0.01397300 0.11960000 0.17804000 0.03072600 0.00631970 0.00167870 2.50940000 
13 0.64314000 1.35740000 0.28063000 0.98631000 0.99825000 0.81381000 0.00527320 0.00506080 0.05853100 0.13108000 0.01689200 0.00446310 0.00048306 1.51360000 
14 0.91298000 2.45500000 0.61097000 0.96979000 0.99825000 0.56210000 0.00959580 0.01675800 0.09044700 0.18710000 0.03382300 0.01150000 0.00056400 1.68790000 
14 0.91360000 2.52130000 0.61341000 0.97227000 1.00000000 0.56248000 0.00784740 0.01120800 0.06842700 0.14325000 0.02010800 0.00557630 0.00057194 1.71870000 
14 0.91355000 2.45700000 0.61108000 0.97034000 0.97544000 0.56450000 0.00770290 0.01079900 0.09254700 0.18786000 0.03408800 0.01170800 0.00046097 1.85010000 
14 0.91378000 2.41320000 0.60362000 0.96618000 0.99649000 0.56153000 0.00913770 0.01519700 0.10604000 0.20316000 0.03963700 0.01322700 0.00072984 1.85260000 
14 0.85897000 1.97230000 0.51434000 0.97407000 0.99825000 0.67920000 0.00683920 0.00851290 0.04651800 0.13848000 0.01881600 0.00738980 0.00015454 1.01400000 
14 0.91296000 2.48620000 0.62315000 0.96188000 1.00000000 0.51041000 0.01068400 0.02077500 0.06453900 0.13678000 0.01836500 0.00486360 0.00052757 1.68750000 
14 0.93802000 2.80870000 0.65774000 0.97091000 1.00000000 0.58194000 0.00673210 0.00824850 0.05221800 0.13491000 0.01787400 0.00573740 0.00030246 1.21610000 
14 0.94058000 3.03660000 0.69248000 0.93952000 0.99474000 0.42979000 0.03121900 0.17738000 0.03869100 0.10760000 0.01144500 0.00321560 0.00024816 1.08430000 
14 0.89672000 2.25340000 0.57689000 0.96488000 1.00000000 0.57906000 0.00814220 0.01206600 0.06277800 0.15120000 0.02235100 0.00785530 0.00031192 1.45750000 
14 0.89507000 2.20450000 0.55605000 0.97701000 0.99649000 0.64214000 0.00534330 0.00519620 0.10200000 0.19598000 0.03698800 0.01256200 0.00048437 2.04840000 
14 0.88246000 2.10000000 0.54860000 0.96929000 0.99825000 0.61897000 0.00730210 0.00970430 0.10152000 0.19717000 0.03742000 0.01299500 0.00049125 2.00940000 
14 0.90831000 2.40380000 0.59263000 0.97688000 0.99825000 0.59259000 0.00646790 0.00761370 0.06368800 0.14720000 0.02120800 0.00670170 0.00032702 1.53320000 
15 0.41320000 1.03840000 0.48465000 0.78118000 0.87018000 0.30478000 0.08072200 1.18590000 0.04730300 0.12619000 0.01567400 0.00589920 0.00019037 1.48900000 
15 0.56324000 1.19280000 0.47400000 0.77564000 0.93333000 0.34791000 0.06940400 0.87668000 0.10401000 0.17923000 0.03112500 0.00944940 0.00074739 2.48830000 
15 0.48967000 1.12320000 0.46175000 0.80214000 0.90000000 0.31034000 0.07346200 0.98220000 0.10125000 0.17926000 0.03113300 0.01010200 0.00068131 2.48080000 
15 0.60319000 1.08800000 0.51739000 0.76380000 0.90175000 0.23802000 0.07702200 1.07970000 0.10994000 0.17976000 0.03130300 0.00888460 0.00087888 2.66130000 
15 0.53622000 1.23410000 0.44979000 0.78820000 0.94386000 0.38426000 0.07225300 0.95013000 0.04299200 0.12337000 0.01499300 0.00565010 0.00013103 1.26460000 
15 0.37902000 1.07380000 0.52420000 0.71586000 0.85439000 0.26309000 0.06531200 0.77635000 0.06716100 0.14275000 0.01996900 0.00595820 0.00040634 1.85270000 
15 0.53693000 1.07510000 0.55667000 0.74395000 0.77544000 0.27241000 0.08027800 1.17290000 0.09132200 0.16265000 0.02577300 0.00731800 0.00080697 2.27040000 
15 0.51153000 1.07670000 0.47053000 0.77952000 0.90702000 0.28838000 0.07699200 1.07890000 0.08471100 0.17213000 0.02877600 0.00996560 0.00039644 2.04120000 
15 0.44271000 1.08360000 0.49548000 0.74434000 0.87018000 0.26478000 0.07948100 1.14970000 0.10151000 0.17260000 0.02892900 0.00764060 0.00084487 2.38900000 
15 0.30574000 1.11760000 0.58847000 0.66502000 0.84737000 0.24074000 0.10064000 1.84350000 0.07462100 0.14273000 0.01996600 0.00540260 0.00062391 2.14030000 
22 0.92522000 2.69500000 0.63571000 0.92994000 0.99298000 0.50500000 0.04070700 0.30158000 0.05574200 0.15592000 0.02373400 0.00966170 0.00030237 1.03510000 
22 0.90557000 2.34230000 0.58487000 0.95943000 0.97368000 0.55537000 0.02354200 0.10087000 0.04589700 0.13433000 0.01772400 0.00667570 0.00024528 0.99430000 
22 0.91885000 2.63800000 0.62859000 0.96692000 0.99123000 0.52269000 0.02008100 0.07339000 0.05414500 0.16740000 0.02725700 0.01332200 0.00016644 0.89890000 
22 0.88965000 2.38630000 0.59051000 0.90564000 0.98421000 0.51360000 0.04893400 0.43581000 0.06288600 0.17454000 0.02956200 0.01336400 0.00026357 1.07340000 
22 0.94560000 3.11740000 0.70912000 0.79489000 0.89298000 0.33915000 0.13457000 3.29560000 0.05268500 0.14875000 0.02164800 0.00856900 0.00025614 1.05030000 
22 0.91747000 2.70540000 0.64091000 0.87687000 0.98947000 0.42531000 0.08936400 1.45340000 0.04221600 0.12098000 0.01442400 0.00476920 0.00030610 1.00970000 
22 0.86049000 2.09970000 0.53200000 0.93580000 0.98772000 0.53430000 0.03399400 0.21032000 0.04025400 0.13592000 0.01814000 0.00802260 0.00010143 0.82059000 
22 0.89808000 2.40560000 0.59137000 0.93186000 0.98596000 0.51229000 0.02939800 0.15729000 0.04418500 0.15479000 0.02340000 0.01233600 0.00007634 0.78887000 
22 0.86988000 2.12770000 0.53926000 0.96257000 1.00000000 0.64927000 0.02789900 0.14166000 0.02684900 0.09696800 0.00931520 0.00323760 0.00010402 0.72710000 
22 0.86675000 2.04170000 0.52999000 0.94477000 0.98947000 0.55141000 0.02874900 0.15043000 0.03102300 0.12007000 0.01421100 0.00645380 0.00006947 0.64966000 
22 0.96652000 3.81620000 0.74273000 0.82566000 0.94737000 0.32925000 0.14460000 3.80520000 0.02271500 0.10148000 0.01019300 0.00462920 0.00004452 0.52175000 
22 0.93396000 2.93670000 0.66689000 0.92543000 0.99474000 0.45676000 0.03005200 0.16437000 0.01515900 0.07119800 0.00504360 0.00170960 0.00004853 0.46762000 
23 0.61823000 1.24350000 0.33084000 0.94147000 0.96140000 0.64089000 0.02425500 0.10708000 0.01754300 0.09745000 0.00940720 0.00512860 0.00001284 0.37324000 
23 0.61717000 1.22960000 0.34897000 0.93189000 0.97368000 0.60176000 0.02537500 0.11719000 0.01290600 0.07019700 0.00490350 0.00193230 0.00002445 0.37728000 
23 0.62404000 1.15990000 0.47899000 0.91562000 0.85088000 0.45154000 0.09720500 1.71970000 0.01398300 0.07640800 0.00580430 0.00241090 0.00002565 0.36029000 
23 0.48229000 1.15740000 0.42617000 0.91741000 0.92456000 0.46699000 0.06339600 0.73147000 0.02652200 0.10500000 0.01090400 0.00446810 0.00006783 0.63468000 
23 0.56840000 1.18760000 0.48001000 0.91247000 0.79474000 0.38850000 0.08916200 1.44690000 0.02711300 0.10182000 0.01026100 0.00378880 0.00010673 0.65567000 
23 0.62733000 1.24410000 0.50214000 0.90049000 0.86667000 0.47758000 0.09259100 1.56030000 0.02034000 0.09164500 0.00832890 0.00336960 0.00004907 0.49195000 
23 0.58637000 1.14190000 0.30339000 0.93305000 0.92105000 0.57323000 0.04128200 0.31016000 0.02288600 0.09370400 0.00870410 0.00322910 0.00010441 0.54481000 
23 0.50771000 1.10840000 0.25071000 0.93529000 0.98596000 0.64927000 0.02595000 0.12256000 0.01349300 0.07350900 0.00537450 0.00212460 0.00003188 0.34750000 
23 0.60180000 1.22540000 0.41835000 0.94269000 0.95263000 0.54871000 0.05883500 0.62999000 0.01620200 0.07488300 0.00557610 0.00187970 0.00007126 0.43769000 
23 0.63548000 1.20200000 0.47365000 0.89373000 0.86842000 0.44347000 0.07761600 1.09640000 0.02240300 0.10386000 0.01067200 0.00508400 0.00003129 0.48911000 
23 0.65048000 1.23540000 0.44987000 0.90929000 0.89123000 0.57594000 0.07069900 0.90970000 0.00933490 0.05920000 0.00349240 0.00130470 0.00002223 0.26169000 
24 0.64604000 1.46830000 0.35457000 0.95880000 0.99123000 0.70641000 0.02021000 0.07433400 0.05902600 0.12721000 0.01592500 0.00373620 0.00124960 1.35960000 
24 0.55457000 1.29550000 0.25519000 0.97441000 0.99825000 0.78240000 0.01206300 0.02648300 0.02012900 0.07672200 0.00585180 0.00163890 0.00012751 0.60629000 
24 0.44430000 1.20350000 0.19432000 0.98319000 1.00000000 0.83300000 0.01031700 0.01937300 0.02905900 0.10265000 0.01042700 0.00362700 0.00011748 0.73255000 
24 0.63680000 1.42660000 0.29976000 0.97470000 0.99825000 0.78457000 0.01338500 0.03260800 0.02827200 0.08449500 0.00708880 0.00171550 0.00031351 0.91300000 
24 0.64168000 1.48530000 0.33620000 0.95562000 0.99825000 0.72952000 0.01743900 0.05535000 0.02413000 0.07464100 0.00554030 0.00119400 0.00031921 0.82279000 
24 0.58232000 1.34300000 0.29271000 0.95055000 0.99825000 0.71499000 0.02687600 0.13146000 0.06813400 0.13204000 0.01713600 0.00367980 0.00146970 1.63150000 
24 0.44567000 1.21070000 0.20257000 0.97104000 0.99123000 0.80094000 0.01617700 0.04762800 0.02063200 0.07411500 0.00546310 0.00138650 0.00016174 0.66423000 
24 0.67925000 1.48700000 0.33465000 0.97307000 0.98246000 0.77130000 0.01239900 0.02798000 0.00759960 0.04413200 0.00194390 0.00049059 0.00003686 0.28857000 
24 0.11708000 1.09440000 0.17450000 0.97545000 1.00000000 0.81957000 0.01611400 0.04725900 0.03300700 0.08709200 0.00752780 0.00156800 0.00060660 1.02920000 
24 0.53283000 1.30780000 0.25925000 0.96727000 1.00000000 0.77065000 0.01774500 0.05731200 0.05341000 0.12259000 0.01480600 0.00359230 0.00123580 1.18860000 
24 0.52828000 1.24960000 0.22380000 0.98317000 1.00000000 0.82495000 0.01037200 0.01958000 0.04748200 0.10274000 0.01044400 0.00197940 0.00119760 1.34100000 
24 0.35236000 1.14600000 0.20076000 0.96876000 0.99649000 0.71333000 0.01772900 0.05720400 0.03324900 0.09906800 0.00971910 0.00265300 0.00035728 0.87046000 
24 0.64897000 1.45970000 0.33040000 0.97406000 1.00000000 0.75323000 0.01602100 0.04671500 0.01202500 0.05026600 0.00252030 0.00051116 0.00013299 0.49261000 
25 0.72162000 1.46860000 0.43475000 0.91337000 0.98596000 0.60738000 0.04632400 0.39055000 0.09762800 0.18471000 0.03299200 0.00972550 0.00104300 1.82960000 
25 0.71573000 1.38080000 0.37798000 0.95035000 0.99123000 0.68138000 0.02507700 0.11445000 0.10429000 0.23183000 0.05100400 0.02357100 0.00044425 1.50250000 
25 0.81957000 1.56000000 0.49513000 0.91036000 0.98421000 0.60691000 0.04597700 0.38473000 0.09789400 0.20665000 0.04095400 0.01552100 0.00071910 1.54520000 
25 0.83029000 1.63300000 0.49437000 0.92597000 0.96842000 0.62529000 0.04533100 0.37399000 0.13423000 0.26480000 0.06552300 0.02978600 0.00074416 1.74930000 
25 0.75259000 1.58520000 0.41155000 0.91036000 0.99298000 0.65821000 0.04416200 0.35495000 0.12959000 0.25343000 0.06035200 0.02600300 0.00063907 1.81300000 
25 0.78310000 1.53890000 0.42639000 0.94648000 0.97544000 0.65478000 0.03870600 0.27266000 0.12607000 0.24469000 0.05649200 0.02325900 0.00066766 1.85040000 
25 0.78823000 1.60270000 0.44995000 0.91357000 0.95614000 0.62781000 0.06070700 0.67072000 0.12958000 0.25220000 0.05980300 0.02522800 0.00092640 1.74890000 
25 0.83094000 1.66430000 0.49439000 0.96016000 0.99649000 0.65605000 0.02384100 0.10345000 0.12266000 0.24766000 0.05778900 0.02530800 0.00078336 1.70010000 
25 0.78850000 1.63800000 0.43032000 0.95417000 1.00000000 0.71101000 0.02678300 0.13055000 0.12808000 0.21441000 0.04395000 0.01303200 0.00101160 2.27640000 
26 0.73365000 1.50280000 0.34887000 0.98280000 1.00000000 0.80144000 0.00536470 0.00523800 0.02925500 0.10327000 0.01055300 0.00430130 0.00009164 0.88407000 
26 0.82775000 1.84200000 0.48769000 0.97383000 0.99825000 0.68405000 0.01619000 0.04770600 0.02204100 0.08796300 0.00767810 0.00296510 0.00006877 0.68174000 
26 0.55626000 1.25160000 0.23975000 0.98020000 1.00000000 0.81411000 0.00730870 0.00972200 0.05695500 0.17933000 0.03115700 0.01740300 0.00008450 0.98858000 
26 0.29901000 1.03750000 0.10761000 0.98386000 1.00000000 0.84936000 0.01146200 0.02391200 0.03288300 0.09603400 0.00913830 0.00256950 0.00018734 1.08370000 
26 0.48223000 1.15770000 0.16908000 0.97886000 1.00000000 0.71192000 0.00886400 0.01430000 0.03717400 0.11384000 0.01279400 0.00444070 0.00014852 1.00890000 
26 0.58950000 1.27080000 0.24364000 0.98173000 0.99649000 0.82082000 0.00743880 0.01007100 0.04168800 0.11576000 0.01322300 0.00410000 0.00025724 1.11050000 
26 0.32200000 1.06980000 0.13626000 0.98017000 0.99825000 0.81953000 0.01291300 0.03034700 0.07626700 0.18383000 0.03269000 0.01415900 0.00026309 1.49550000 
26 0.48200000 1.14150000 0.15235000 0.98536000 1.00000000 0.85572000 0.00721990 0.00948700 0.02186300 0.07928300 0.00624650 0.00174790 0.00013143 0.69178000 
26 0.87402000 2.07540000 0.55373000 0.96281000 0.98421000 0.56448000 0.01965600 0.07031600 0.03755300 0.10946000 0.01183900 0.00384990 0.00021407 1.06930000 
26 0.58138000 1.24860000 0.21485000 0.98704000 1.00000000 0.83511000 0.00465820 0.00394920 0.04072000 0.11304000 0.01261800 0.00367430 0.00033322 1.03680000 
26 0.40974000 1.07320000 0.14538000 0.98155000 1.00000000 0.84070000 0.00420830 0.00322320 0.04953000 0.14890000 0.02169100 0.01041900 0.00010258 1.17810000 
26 0.82556000 1.69030000 0.47477000 0.97153000 1.00000000 0.70462000 0.01915400 0.06677400 0.02598100 0.10427000 0.01075600 0.00459650 0.00004454 0.67306000 
27 0.60267000 1.25400000 0.20587000 0.98883000 1.00000000 0.80193000 0.00843330 0.01294400 0.01777700 0.06178600 0.00380300 0.00091963 0.00015231 0.85839000 
27 0.66906000 1.27510000 0.30877000 0.98770000 1.00000000 0.85816000 0.00485990 0.00429870 0.03148800 0.09424100 0.00880320 0.00253370 0.00019057 1.03780000 
27 0.81380000 1.73700000 0.42956000 0.98956000 1.00000000 0.79117000 0.00861310 0.01350200 0.03387100 0.10399000 0.01069900 0.00355280 0.00015394 1.02840000 
27 0.72719000 1.47790000 0.32980000 0.99388000 1.00000000 0.84230000 0.00296680 0.00160190 0.02634000 0.08190300 0.00666340 0.00178460 0.00019390 0.98050000 
27 0.79923000 1.65490000 0.40919000 0.98964000 1.00000000 0.81500000 0.00489680 0.00436410 0.02869300 0.09100800 0.00821450 0.00250090 0.00013606 0.98834000 
27 0.81354000 1.69240000 0.41016000 0.99256000 1.00000000 0.78909000 0.00463480 0.00390960 0.03134200 0.09649300 0.00922510 0.00287040 0.00017007 1.01710000 
27 0.85610000 1.87300000 0.49654000 0.98047000 1.00000000 0.69130000 0.00922890 0.01550100 0.04796100 0.10390000 0.01068100 0.00246230 0.00080703 1.62030000 
27 0.75968000 1.57630000 0.38954000 0.98731000 1.00000000 0.82323000 0.00558200 0.00567080 0.03473400 0.09820800 0.00955260 0.00270740 0.00023404 1.14330000 
27 0.80310000 1.65200000 0.40268000 0.97695000 1.00000000 0.79833000 0.01088300 0.02155800 0.04676400 0.10227000 0.01035200 0.00215150 0.00074063 1.50530000 
27 0.79389000 1.53030000 0.42937000 0.96802000 0.99649000 0.79209000 0.01656600 0.04994900 0.04703000 0.11769000 0.01366100 0.00418120 0.00034846 1.42000000 
27 0.66551000 1.36170000 0.26804000 0.98949000 1.00000000 0.76603000 0.00517900 0.00488160 0.01779200 0.07439200 0.00550370 0.00181660 0.00005245 0.62317000 
28 0.94600000 3.34750000 0.70810000 0.96212000 1.00000000 0.45671000 0.03543400 0.22851000 0.05498600 0.13106000 0.01688600 0.00476460 0.00051238 1.30880000 
28 0.93038000 2.88520000 0.67525000 0.95738000 1.00000000 0.50964000 0.02711100 0.13377000 0.05070300 0.12329000 0.01497200 0.00419320 0.00032166 1.38480000 
28 0.91549000 2.67960000 0.62862000 0.96381000 1.00000000 0.55874000 0.01908300 0.06627600 0.10351000 0.19882000 0.03802800 0.01275100 0.00057453 1.97020000 
28 0.87202000 2.15360000 0.53817000 0.97880000 1.00000000 0.65619000 0.02032700 0.07520300 0.08130600 0.18726000 0.03387800 0.01321100 0.00036142 1.46060000 
28 0.91328000 2.56540000 0.61185000 0.98179000 1.00000000 0.60313000 0.00672600 0.00823350 0.09348400 0.19225000 0.03564400 0.01224500 0.00061603 1.67010000 
28 0.91996000 2.66680000 0.63083000 0.97894000 1.00000000 0.58002000 0.01031100 0.01934900 0.11250000 0.19785000 0.03767100 0.01120500 0.00078875 2.22410000 
28 0.91677000 2.69550000 0.62998000 0.98275000 1.00000000 0.59459000 0.00492180 0.00440870 0.10467000 0.18760000 0.03399700 0.00967620 0.00085264 2.05850000 
28 0.91397000 2.72890000 0.64656000 0.96685000 0.99298000 0.55519000 0.02235100 0.09092500 0.06851400 0.15250000 0.02272800 0.00703130 0.00041076 1.56810000 
28 0.87620000 2.24360000 0.56314000 0.98425000 1.00000000 0.65133000 0.01019500 0.01891500 0.14482000 0.22485000 0.04812200 0.01342300 0.00126380 2.46850000 
28 0.92081000 2.91980000 0.65845000 0.96861000 0.99825000 0.52299000 0.01158700 0.02443700 0.06478800 0.16842000 0.02758100 0.01122000 0.00024357 1.24060000 
28 0.86832000 2.14100000 0.54004000 0.98483000 1.00000000 0.69313000 0.00904800 0.01490000 0.11927000 0.20520000 0.04040500 0.01165900 0.00109330 2.10730000 
28 0.93323000 3.22200000 0.69174000 0.95791000 1.00000000 0.48142000 0.02265400 0.09340300 0.07530700 0.17561000 0.02991500 0.01106200 0.00039957 1.42150000 
29 0.83750000 1.95120000 0.49050000 0.96800000 0.98246000 0.65138000 0.01622400 0.04790800 0.00511950 0.03562100 0.00126730 0.00032240 0.00001124 0.23514000 
29 0.83275000 2.00140000 0.50157000 0.95570000 0.99649000 0.67019000 0.02842200 0.14702000 0.00925340 0.05108200 0.00260260 0.00073282 0.00004007 0.32567000 
29 0.84579000 2.00520000 0.49931000 0.96585000 0.99825000 0.65149000 0.01998100 0.07266000 0.00503430 0.03618900 0.00130790 0.00035119 0.00000876 0.22547000 
29 0.74053000 1.63780000 0.38920000 0.96660000 1.00000000 0.74844000 0.02503200 0.11404000 0.00834970 0.04539100 0.00205610 0.00054932 0.00002945 0.38449000 
29 0.82924000 1.89030000 0.47248000 0.96435000 0.99825000 0.66100000 0.02383600 0.10341000 0.00573610 0.03763400 0.00141430 0.00036897 0.00001327 0.27099000 
29 0.82256000 1.90160000 0.47622000 0.96505000 1.00000000 0.69746000 0.02502600 0.11398000 0.00566320 0.03341500 0.00111530 0.00022942 0.00003744 0.29502000 
29 0.84501000 2.09180000 0.51732000 0.94510000 1.00000000 0.60710000 0.03978100 0.28802000 0.00810020 0.04484900 0.00200740 0.00050789 0.00002922 0.34316000 
29 0.81870000 1.91260000 0.47835000 0.94904000 0.99298000 0.58585000 0.03806000 0.26364000 0.00502190 0.03402600 0.00115640 0.00029213 0.00001546 0.26037000 
29 0.78965000 1.81860000 0.45353000 0.94929000 1.00000000 0.63343000 0.03037100 0.16787000 0.00804900 0.04345000 0.00188430 0.00045429 0.00002915 0.36533000 
29 0.80728000 1.85700000 0.46197000 0.95012000 0.99298000 0.60913000 0.02844300 0.14724000 0.00963870 0.06009500 0.00359840 0.00134520 0.00001680 0.27688000 
29 0.80393000 1.88290000 0.46980000 0.93066000 0.99298000 0.58011000 0.04378700 0.34894000 0.01018300 0.06197500 0.00382620 0.00143290 0.00001891 0.28509000 
29 0.85451000 2.06000000 0.51569000 0.96800000 0.98421000 0.60909000 0.02545300 0.11791000 0.00792240 0.04494800 0.00201630 0.00051981 0.00002619 0.32598000 
30 0.50924000 1.21660000 0.27943000 0.93462000 0.99123000 0.40920000 0.01608900 0.04711300 0.09651800 0.17131000 0.02851100 0.00696300 0.00154530 1.85100000 
30 0.52914000 1.20660000 0.25595000 0.93945000 0.97895000 0.51693000 0.01900900 0.06576500 0.14675000 0.19841000 0.03787600 0.00734710 0.00234760 2.70850000 
30 0.24580000 1.10110000 0.20617000 0.94995000 0.99298000 0.53189000 0.01281800 0.02990100 0.14279000 0.20537000 0.04047000 0.00902730 0.00180940 2.57900000 
30 0.55518000 1.23180000 0.25226000 0.94783000 0.99123000 0.54965000 0.01511500 0.04158200 0.05914800 0.13996000 0.01921100 0.00573360 0.00042099 1.35790000 
30 0.35141000 1.14280000 0.24265000 0.93638000 0.99123000 0.47846000 0.01972100 0.07078100 0.10740000 0.18794000 0.03411500 0.00898930 0.00150260 1.90190000 
30 0.48030000 1.20220000 0.26797000 0.94544000 0.99825000 0.52139000 0.02277800 0.09443000 0.06625900 0.14818000 0.02148500 0.00619420 0.00073522 1.36690000 
30 0.19287000 1.05510000 0.25044000 0.93641000 0.99474000 0.47284000 0.01969300 0.07058100 0.05593500 0.13030000 0.01669400 0.00458320 0.00044001 1.41110000 
30 0.49634000 1.18320000 0.22855000 0.94687000 0.98947000 0.58613000 0.01732700 0.05463800 0.04710600 0.12748000 0.01599200 0.00517310 0.00023865 1.14890000 
30 0.33254000 1.12080000 0.27473000 0.93625000 0.99474000 0.49836000 0.02439400 0.10830000 0.10809000 0.16882000 0.02770900 0.00598080 0.00123350 2.48660000 
30 0.39606000 1.16470000 0.29415000 0.94064000 0.99298000 0.54860000 0.02524400 0.11598000 0.05162500 0.12014000 0.01422800 0.00372100 0.00038216 1.49430000 
30 0.41933000 1.19280000 0.30567000 0.93428000 0.98947000 0.50688000 0.02094800 0.07986600 0.05740800 0.12508000 0.01540400 0.00390300 0.00045984 1.64970000 
30 0.45767000 1.16290000 0.24078000 0.94275000 0.99298000 0.63919000 0.02027900 0.07484400 0.02843200 0.09574600 0.00908410 0.00281200 0.00014780 0.78535000 
31 0.99541000 9.49120000 0.91397000 0.84991000 0.97368000 0.17429000 0.08210800 1.22700000 0.01251200 0.06068800 0.00366950 0.00107350 0.00005216 0.41928000 
31 0.99611000 11.00600000 0.92239000 0.86962000 0.99123000 0.14581000 0.06479200 0.76404000 0.01117600 0.05780800 0.00333070 0.00098398 0.00003930 0.37310000 
31 0.99767000 12.00900000 0.94529000 0.67005000 0.94386000 0.11114000 0.19898000 7.20620000 0.01021500 0.05110400 0.00260480 0.00066765 0.00004532 0.39905000 
31 0.99456000 9.73510000 0.90444000 0.93346000 0.98421000 0.19638000 0.02089700 0.07947900 0.01659900 0.07524700 0.00563020 0.00190120 0.00004441 0.48992000 
31 0.99700000 12.54800000 0.92397000 0.93876000 0.96842000 0.16105000 0.02694100 0.13210000 0.01011600 0.05781200 0.00333110 0.00108910 0.00002918 0.31010000 
31 0.99698000 10.91300000 0.93836000 0.70085000 0.93684000 0.11552000 0.15334000 4.27960000 0.01064900 0.05562900 0.00308510 0.00089618 0.00003613 0.37415000 
31 0.99551000 9.69150000 0.91233000 0.88256000 0.93509000 0.17567000 0.04969500 0.44946000 0.01372100 0.06764900 0.00455560 0.00150630 0.00004437 0.41054000 
31 0.99502000 8.99100000 0.92789000 0.68687000 0.86842000 0.14478000 0.18853000 6.46890000 0.01326800 0.06897300 0.00473470 0.00167300 0.00003480 0.37492000 
31 0.99583000 9.13660000 0.92503000 0.69234000 0.90702000 0.15101000 0.17918000 5.84320000 0.00540720 0.04417200 0.00194740 0.00070285 0.00000692 0.16940000 
31 0.99593000 10.12000000 0.92461000 0.80662000 0.90702000 0.15053000 0.12257000 2.73420000 0.00829020 0.05233300 0.00273130 0.00090459 0.00001536 0.27303000 
31 0.99422000 9.19850000 0.91119000 0.83750000 0.98421000 0.17712000 0.05541400 0.55887000 0.01616800 0.07999600 0.00635870 0.00245340 0.00005535 0.38686000 
32 0.86224000 2.07350000 0.52269000 0.98686000 0.99474000 0.70529000 0.01009700 0.01855400 0.04140400 0.12163000 0.01457900 0.00486890 0.00027608 0.94580000 
32 0.87024000 2.10940000 0.52863000 0.98360000 0.99298000 0.60784000 0.00317370 0.00183320 0.02690200 0.09139100 0.00828320 0.00243850 0.00016093 0.73904000 
32 0.86248000 2.03980000 0.51338000 0.98831000 1.00000000 0.71419000 0.00574880 0.00601480 0.05268100 0.13941000 0.01906400 0.00637600 0.00045928 1.06670000 
32 0.90305000 2.34550000 0.57721000 0.98504000 1.00000000 0.58743000 0.00440440 0.00353060 0.02244300 0.07782600 0.00602040 0.00153940 0.00021043 0.68561000 
32 0.88566000 2.20290000 0.54993000 0.98635000 1.00000000 0.59039000 0.00376010 0.00257320 0.03946900 0.12459000 0.01528500 0.00566040 0.00020409 0.84271000 
32 0.88078000 2.14700000 0.54028000 0.98989000 1.00000000 0.71926000 0.00316460 0.00182260 0.04489400 0.12906000 0.01638500 0.00563830 0.00032291 0.96576000 
32 0.88485000 2.23980000 0.55754000 0.97997000 0.99825000 0.67974000 0.00912860 0.01516600 0.02565800 0.08720600 0.00754760 0.00215180 0.00017873 0.75154000 
32 0.88661000 2.25530000 0.56472000 0.98284000 1.00000000 0.67537000 0.01212300 0.02674900 0.02225100 0.08361700 0.00694330 0.00208930 0.00016304 0.60779000 
32 0.83188000 1.84450000 0.46807000 0.98691000 1.00000000 0.75011000 0.00493530 0.00443310 0.03481400 0.10867000 0.01167200 0.00367870 0.00030050 0.80348000 
32 0.85278000 1.99350000 0.50107000 0.98449000 0.99825000 0.72127000 0.00682770 0.00848430 0.01555900 0.07092300 0.00500500 0.00157330 0.00006937 0.44798000 
32 0.78676000 1.68150000 0.41383000 0.97686000 0.99825000 0.76860000 0.01352400 0.03328900 0.01653800 0.07633400 0.00579320 0.00197860 0.00007066 0.43227000 
33 0.69887000 1.49470000 0.34694000 0.97906000 1.00000000 0.74423000 0.00704450 0.00903180 0.06727700 0.15809000 0.02438300 0.00798430 0.00066857 1.25540000 
33 0.60555000 1.38910000 0.29569000 0.97439000 1.00000000 0.73603000 0.01082100 0.02131000 0.13630000 0.20829000 0.04158000 0.01001700 0.00200840 2.27330000 
33 0.79495000 1.70560000 0.42041000 0.98477000 1.00000000 0.76317000 0.00744860 0.01009800 0.06412700 0.14621000 0.02092900 0.00615490 0.00065287 1.36620000 
33 0.75535000 1.66620000 0.40650000 0.97627000 1.00000000 0.75126000 0.00984450 0.01763800 0.02047700 0.09052000 0.00812740 0.00313350 0.00012137 0.43910000 
33 0.69398000 1.45420000 0.32457000 0.98263000 0.99474000 0.79449000 0.00638630 0.00742270 0.07901600 0.16552000 0.02666600 0.00796520 0.00077178 1.54380000 
33 0.81992000 1.86980000 0.47287000 0.97829000 0.99825000 0.65353000 0.00741410 0.01000400 0.06789000 0.14200000 0.01976500 0.00499100 0.00096699 1.48570000 
33 0.68878000 1.43990000 0.32986000 0.98318000 1.00000000 0.78470000 0.00708020 0.00912350 0.08367500 0.17243000 0.02887200 0.00878600 0.00101430 1.53130000 
33 0.72174000 1.53010000 0.35707000 0.97994000 0.99649000 0.78622000 0.01354500 0.03339000 0.04067700 0.11435000 0.01290800 0.00381980 0.00036093 0.98926000 
33 0.73067000 1.51450000 0.34921000 0.98686000 1.00000000 0.81119000 0.01769300 0.05697500 0.08148500 0.16841000 0.02758000 0.00819270 0.00084762 1.55200000 
33 0.65119000 1.40260000 0.30387000 0.97990000 1.00000000 0.80081000 0.00825730 0.01240900 0.10567000 0.18500000 0.03309300 0.00872450 0.00139110 1.96320000 
33 0.71999000 1.56900000 0.37089000 0.97599000 0.99825000 0.77145000 0.01397500 0.03554600 0.11997000 0.19286000 0.03586300 0.00860990 0.00183700 2.13110000 
34 0.99571000 10.35200000 0.90609000 0.90652000 0.97895000 0.16732000 0.02578700 0.12103000 0.02352300 0.08945500 0.00793870 0.00288820 0.00006932 0.73774000 
34 0.99569000 9.96530000 0.90578000 0.91515000 0.98070000 0.17113000 0.02389600 0.10392000 0.02038100 0.08259600 0.00677590 0.00240740 0.00005048 0.67264000 
34 0.99670000 11.36100000 0.91400000 0.91815000 0.93684000 0.14435000 0.01997600 0.07262900 0.02066700 0.08551400 0.00725950 0.00284690 0.00004649 0.67925000 
34 0.99841000 16.83200000 0.94116000 0.85531000 0.90000000 0.09453700 0.03584500 0.23384000 0.01234100 0.06668200 0.00442680 0.00170520 0.00001772 0.41828000 
34 0.99799000 15.06800000 0.93667000 0.88070000 0.95789000 0.12132000 0.03216400 0.18828000 0.01168600 0.05482700 0.00299700 0.00086356 0.00004379 0.50576000 
34 0.99512000 10.37700000 0.90564000 0.92135000 0.99825000 0.17941000 0.01664700 0.05043300 0.02040000 0.07166200 0.00510920 0.00126610 0.00017021 0.71514000 
34 0.99505000 10.73600000 0.90851000 0.92586000 0.99649000 0.18236000 0.02857100 0.14856000 0.01776100 0.06961000 0.00482220 0.00131290 0.00013111 0.59218000 
34 0.99518000 10.42100000 0.90385000 0.96551000 0.98947000 0.20051000 0.00772280 0.01085500 0.02125800 0.08038500 0.00642030 0.00191680 0.00009557 0.66405000 
34 0.99530000 10.63000000 0.90598000 0.88866000 0.95789000 0.15967000 0.02563600 0.11961000 0.01478200 0.06541600 0.00426110 0.00128310 0.00006437 0.52178000 
34 0.99515000 10.00700000 0.90328000 0.91594000 0.97719000 0.16244000 0.03312900 0.19975000 0.01725800 0.07064600 0.00496600 0.00146410 0.00007156 0.59946000 
34 0.99871000 19.03800000 0.94834000 0.85100000 0.90702000 0.08618300 0.07304800 0.97117000 0.00781650 0.04808900 0.00230720 0.00075332 0.00001292 0.34029000 
35 0.91090000 2.54880000 0.61060000 0.97388000 0.99825000 0.55818000 0.01972000 0.07077500 0.10132000 0.17022000 0.02815800 0.00746140 0.00109740 2.38470000 
35 0.90391000 2.45800000 0.59770000 0.98610000 1.00000000 0.61429000 0.00670130 0.00817310 0.08902000 0.16706000 0.02715100 0.00721900 0.00096593 1.89370000 
35 0.90755000 2.58200000 0.62394000 0.96837000 0.99825000 0.55674000 0.03171400 0.18305000 0.07938700 0.16213000 0.02561300 0.00741240 0.00069878 1.69510000 
35 0.91708000 2.64980000 0.62919000 0.98493000 1.00000000 0.57926000 0.00680530 0.00842890 0.08218700 0.16877000 0.02769300 0.00850270 0.00064002 1.71570000 
35 0.91660000 2.67110000 0.63330000 0.98228000 1.00000000 0.51619000 0.01746500 0.05551400 0.10368000 0.18100000 0.03172100 0.00819850 0.00142110 1.97300000 
35 0.89420000 2.42030000 0.59323000 0.98407000 1.00000000 0.60794000 0.01743000 0.05529400 0.10102000 0.18748000 0.03395700 0.00981550 0.00117930 1.82750000 
35 0.93847000 3.01980000 0.67312000 0.98733000 1.00000000 0.53234000 0.00763930 0.01062100 0.07629000 0.18017000 0.03144000 0.01193200 0.00072251 1.24340000 
35 0.89518000 2.38750000 0.58100000 0.98796000 1.00000000 0.63833000 0.00779260 0.01105200 0.07304000 0.15910000 0.02468800 0.00738070 0.00084138 1.40800000 
35 0.91707000 2.65040000 0.63359000 0.96002000 0.99298000 0.53972000 0.01206200 0.02648100 0.10121000 0.18433000 0.03286100 0.00896570 0.00141490 1.79790000 
35 0.92535000 2.80300000 0.65133000 0.97600000 1.00000000 0.48413000 0.01543500 0.04336000 0.09894600 0.18338000 0.03253300 0.00918010 0.00132970 1.80330000 
35 0.91861000 2.81140000 0.64707000 0.94843000 0.95614000 0.51186000 0.04503700 0.36915000 0.04134500 0.13297000 0.01737400 0.00702330 0.00018923 0.83183000 
36 0.39093000 1.10250000 0.73351000 0.72022000 0.69474000 0.17954000 0.07607200 1.05320000 0.05921300 0.15747000 0.02419700 0.00954080 0.00024731 1.20420000 
36 0.47124000 1.13490000 0.81159000 0.65915000 0.47368000 0.09398200 0.09649200 1.69450000 0.09861800 0.21062000 0.04247800 0.01684800 0.00058101 1.59130000 
36 0.36870000 1.04560000 0.77124000 0.74413000 0.77368000 0.22278000 0.07518700 1.02890000 0.07448800 0.17993000 0.03135900 0.01241400 0.00034690 1.35410000 
36 0.14986000 1.05580000 0.77733000 0.73454000 0.66316000 0.16880000 0.08041000 1.17680000 0.10395000 0.18060000 0.03158500 0.00801650 0.00143150 1.99750000 
36 0.68069000 1.18660000 0.78745000 0.73496000 0.60000000 0.14029000 0.07244700 0.95524000 0.09277000 0.18451000 0.03292300 0.01085200 0.00059383 1.85680000 
36 0.37522000 1.14170000 0.81725000 0.68511000 0.58772000 0.12523000 0.09186000 1.53580000 0.11488000 0.20861000 0.04170300 0.01334400 0.00082033 2.02810000 
36 0.28064000 1.08490000 0.75319000 0.72152000 0.71404000 0.13686000 0.07899600 1.13580000 0.14122000 0.21830000 0.04548800 0.01200200 0.00151540 2.40590000 
36 0.35344000 1.03290000 0.78147000 0.70737000 0.61579000 0.13503000 0.08976300 1.46640000 0.09766300 0.20703000 0.04110100 0.01612300 0.00045288 1.69350000 
36 0.59988000 1.14270000 0.71532000 0.66101000 0.47544000 0.15747000 0.11337000 2.33940000 0.05038900 0.13585000 0.01812100 0.00619000 0.00026454 1.15260000 
36 0.47195000 1.09010000 0.85409000 0.53598000 0.39649000 0.07837600 0.13227000 3.18400000 0.08200700 0.18782000 0.03407400 0.01348700 0.00032855 1.56230000