0.7269400 1.4742000 0.3239600 0.9853500 1.0000000 0.8359200 0.0046566 0.0039465 0.0477900 0.1279500 0.0161080 0.0052323 0.0002748 1.1756000
0.7417300 1.5257000 0.3611600 0.9815200 0.9982500 0.7986700 0.0052423 0.0050016 0.0241600 0.0904760 0.0081195 0.0027080 0.0000749 0.6965900
0.7672200 1.5725000 0.3899800 0.9775500 1.0000000 0.8081200 0.0074573 0.0101210 0.0118970 0.0574450 0.0032891 0.0009207 0.0000379 0.4434800
0.7379700 1.4597000 0.3537600 0.9756600 1.0000000 0.8169700 0.0068768 0.0086068 0.0159500 0.0654910 0.0042707 0.0011544 0.0000663 0.5878500
0.8230100 1.7707000 0.4446200 0.9769800 1.0000000 0.7549300 0.0074280 0.0100420 0.0079379 0.0453390 0.0020514 0.0005599 0.0000235 0.3421400
0.7299700 1.4892000 0.3428400 0.9875500 1.0000000 0.8448200 0.0049451 0.0044506 0.0104870 0.0585280 0.0034138 0.0011248 0.0000248 0.3406800
0.8206300 1.7529000 0.4445800 0.9796400 0.9964900 0.7677000 0.0059279 0.0063954 0.0183750 0.0805870 0.0064523 0.0022713 0.0000415 0.5390400
0.7798200 1.6215000 0.3922200 0.9851200 0.9982500 0.8081600 0.0050987 0.0047314 0.0248750 0.0896860 0.0079794 0.0024664 0.0001468 0.6697500
0.8308900 1.8199000 0.4569300 0.9824000 1.0000000 0.7710600 0.0060055 0.0065640 0.0072447 0.0406160 0.0016469 0.0003881 0.0000329 0.3369600
0.9063100 2.3906000 0.5833600 0.9768300 0.9982500 0.6641900 0.0084019 0.0128480 0.0070096 0.0423470 0.0017901 0.0004589 0.0000283 0.2808200
0.7459000 1.4927000 0.3411600 0.9829600 1.0000000 0.8308800 0.0055665 0.0056395 0.0057679 0.0365110 0.0013313 0.0003087 0.0000318 0.2502600
0.7960600 1.6934000 0.4338700 0.9818100 1.0000000 0.7698500 0.0077992 0.0110710 0.0136770 0.0578320 0.0033334 0.0008165 0.0001386 0.4975100
0.9336100 2.7582000 0.6425700 0.9834600 1.0000000 0.5985100 0.0055336 0.0055731 0.0297120 0.0898890 0.0080153 0.0020648 0.0002388 0.9149900
0.9118600 2.4994000 0.6032300 0.9830000 1.0000000 0.6491600 0.0061494 0.0068823 0.0188870 0.0724860 0.0052267 0.0014887 0.0000833 0.6781100
0.8906300 2.2927000 0.5666700 0.9873200 1.0000000 0.6642700 0.0028365 0.0014643 0.0292720 0.0913280 0.0082717 0.0022383 0.0002017 0.8717700
0.8675500 2.0090000 0.5146400 0.9869100 1.0000000 0.7027700 0.0054439 0.0053937 0.0303480 0.0920630 0.0084044 0.0022541 0.0001985 0.9454500
0.9185200 2.5247000 0.6164800 0.9787000 1.0000000 0.6303700 0.0050494 0.0046404 0.0230900 0.0820290 0.0066839 0.0018929 0.0001245 0.7171300
0.8879500 2.2038000 0.5621800 0.9783500 0.9982500 0.6415800 0.0059242 0.0063874 0.0327220 0.0929690 0.0085691 0.0021199 0.0002773 1.0080000
0.8512100 1.9548000 0.4892000 0.9862200 1.0000000 0.7026700 0.0039733 0.0028733 0.0202580 0.0708410 0.0049933 0.0012274 0.0001493 0.7417400
0.8908400 2.2979000 0.5781500 0.9738900 1.0000000 0.6459800 0.0152710 0.0424430 0.0284610 0.0864770 0.0074228 0.0018832 0.0002435 0.9130700
0.9306200 2.8973000 0.6582800 0.9818200 1.0000000 0.5795000 0.0064894 0.0076645 0.0236060 0.0722370 0.0051910 0.0011217 0.0002556 0.9051300
0.8411300 1.8600000 0.4654900 0.9903900 1.0000000 0.7597600 0.0046759 0.0039793 0.0627980 0.1323400 0.0172130 0.0044528 0.0006552 1.6530000
0.7027300 1.2099000 0.3631700 0.9211000 0.9877200 0.6055500 0.0235970 0.1013400 0.0893010 0.2008800 0.0387860 0.0158950 0.0004049 1.5371000
0.6630700 1.2065000 0.3255900 0.9495200 0.9964900 0.7595400 0.0133880 0.0326210 0.0218150 0.0971430 0.0093485 0.0040284 0.0000363 0.5341000
0.6128900 1.0991000 0.3311700 0.9240500 0.9842100 0.6166100 0.0255450 0.1187700 0.0546870 0.1606000 0.0251450 0.0116720 0.0001212 1.1076000
0.7066800 1.2510000 0.3811100 0.9422600 0.9982500 0.6925000 0.0194320 0.0687240 0.0315870 0.1150200 0.0130560 0.0053112 0.0000864 0.7224700
0.6688900 1.1435000 0.3846000 0.9035500 0.9964900 0.6057100 0.0283290 0.1460600 0.0575060 0.1593100 0.0247520 0.0103040 0.0001853 1.1365000
0.5013900 1.0066000 0.2959300 0.9158500 0.9982500 0.6402900 0.0217820 0.0863470 0.0546350 0.1598000 0.0248990 0.0111060 0.0001616 1.0511000
0.6080300 1.0646000 0.3446000 0.9048700 0.9964900 0.6751700 0.0319150 0.1853800 0.0624500 0.1641100 0.0262250 0.0106020 0.0002296 1.2307000
0.5659900 1.0427000 0.3531800 0.8908600 0.9982500 0.6206800 0.0329710 0.1978500 0.0263480 0.1058900 0.0110880 0.0046505 0.0000521 0.6267100
0.6860500 1.1632000 0.3752800 0.9163900 0.9982500 0.6113600 0.0303390 0.1675300 0.0584010 0.1685800 0.0276330 0.0128860 0.0001553 1.0815000
0.5957100 1.0840000 0.3259200 0.9205600 0.9982500 0.6569800 0.0247530 0.1115100 0.0420510 0.1472200 0.0212130 0.0108810 0.0000647 0.8322100
0.3943200 1.1191000 0.1727200 0.9680600 0.9929800 0.7341700 0.0124990 0.0284320 0.0730630 0.1371800 0.0184700 0.0040597 0.0009098 1.8893000
0.6201100 1.3298000 0.2836000 0.9695200 0.9982500 0.7787100 0.0086562 0.0136370 0.0472200 0.1186000 0.0138720 0.0037549 0.0004419 1.2024000
0.7342900 1.5069000 0.4082700 0.9451800 1.0000000 0.6255800 0.0149870 0.0408790 0.0381130 0.0921880 0.0084269 0.0017773 0.0004738 1.3350000
0.6416100 1.3004000 0.3155600 0.9332400 0.9789500 0.6548700 0.0179630 0.0587290 0.0308970 0.0822100 0.0067132 0.0014678 0.0002988 1.2359000
0.6405600 1.3166000 0.2861600 0.9705300 0.9964900 0.7718300 0.0091632 0.0152810 0.0204130 0.0655750 0.0042817 0.0008975 0.0002043 0.8621800
0.7424200 1.5529000 0.3880400 0.9559300 0.9947400 0.6818800 0.0129040 0.0303060 0.0206790 0.0642420 0.0041101 0.0007951 0.0002681 0.8768700
0.3928900 1.1286000 0.1703900 0.9640500 1.0000000 0.7940700 0.0117610 0.0251760 0.0254090 0.0782110 0.0060798 0.0015299 0.0001576 1.0326000
0.5301700 1.2503000 0.2325400 0.9733700 1.0000000 0.8270300 0.0066263 0.0079913 0.0485410 0.1094100 0.0118280 0.0027809 0.0004884 1.5452000
0.8784400 1.8096000 0.6315100 0.8392300 0.8368400 0.3768800 0.0435630 0.3453900 0.0454680 0.1255400 0.0155150 0.0051589 0.0002284 1.1374000
0.8807500 1.7360000 0.5834500 0.8338300 0.9175400 0.4155100 0.0405820 0.2997300 0.0357860 0.1004700 0.0099932 0.0027590 0.0002580 1.0952000
0.8654500 1.8803000 0.6203900 0.8244300 0.8543900 0.3307700 0.0470000 0.4020400 0.0395180 0.1157000 0.0132100 0.0042406 0.0002008 1.0136000
0.9367100 2.4151000 0.7298000 0.8179300 0.8649100 0.3343900 0.0805390 1.1805000 0.0487220 0.1205100 0.0143140 0.0039983 0.0003722 1.3083000
0.9267600 2.2220000 0.6558000 0.8243200 0.8947400 0.3561800 0.0380120 0.2629800 0.0599810 0.1490100 0.0217230 0.0075251 0.0002840 1.3530000
0.9094400 2.1139000 0.6955500 0.8087300 0.8526300 0.3103900 0.0472670 0.4066300 0.0394460 0.1051700 0.0109390 0.0028913 0.0002937 1.1602000
0.8949300 2.0494000 0.6492500 0.8168200 0.8350900 0.3531800 0.0499550 0.4541800 0.0418080 0.1203600 0.0142800 0.0048007 0.0001710 1.0962000
0.9361300 2.3898000 0.6717500 0.8443400 0.9052600 0.3700700 0.0392770 0.2807700 0.0484470 0.1195500 0.0140910 0.0037887 0.0004246 1.2593000
0.8817200 1.7740000 0.6397400 0.8499000 0.8736800 0.3435400 0.0517760 0.4879000 0.0610300 0.1519000 0.0225540 0.0080813 0.0002504 1.3805000
0.8622400 1.7434000 0.6246400 0.8575400 0.8929800 0.3223800 0.0507920 0.4695200 0.0644280 0.1633500 0.0259890 0.0101890 0.0002387 1.3343000
0.8226800 1.6657000 0.5990900 0.8449300 0.8561400 0.3205600 0.0488030 0.4334800 0.0792820 0.1857100 0.0333380 0.0135230 0.0002750 1.5377000
0.8213500 1.6035000 0.6025000 0.8498100 0.8754400 0.3130400 0.0560790 0.5723600 0.0692390 0.1631900 0.0259400 0.0092918 0.0003213 1.4686000
0.4634800 1.0544000 0.7223100 0.6375400 0.4754400 0.2003900 0.1486400 4.0212000 0.0109170 0.0534940 0.0028534 0.0008754 0.0000296 0.5319900
0.5078400 1.0544000 0.6230000 0.7362500 0.5964900 0.2768700 0.1329600 3.2176000 0.0148160 0.0670440 0.0044748 0.0013737 0.0000379 0.5211400
0.4772800 1.2115000 0.6834300 0.7636400 0.5666700 0.2389600 0.1074700 2.1022000 0.0240360 0.0806230 0.0064581 0.0018312 0.0001065 0.9070200
0.5274400 1.0419000 0.5166200 0.7720100 0.8421100 0.3378400 0.1143800 2.3811000 0.0254000 0.0820470 0.0066868 0.0017982 0.0001220 0.9440000
0.5096400 1.2067000 0.7061800 0.7217500 0.5649100 0.2100900 0.1126400 2.3093000 0.0211810 0.0803060 0.0064077 0.0020323 0.0000658 0.7327400
0.6396500 1.2323000 0.6066300 0.7703700 0.6210500 0.2413500 0.1243800 2.8155000 0.0254380 0.0962150 0.0091723 0.0034208 0.0000516 0.7519400
0.7184700 1.2291000 0.6930000 0.7557400 0.6666700 0.2600400 0.0988230 1.7774000 0.0212170 0.0732010 0.0053299 0.0013612 0.0001245 0.7986200
0.4781500 1.1032000 0.5299800 0.8165400 0.8193000 0.3375300 0.1154700 2.4268000 0.0068590 0.0420710 0.0017668 0.0004756 0.0000144 0.3083200
0.8488600 1.7011000 0.5348000 0.8146500 0.9701800 0.3727600 0.0354240 0.2283800 0.0388460 0.1192000 0.0140090 0.0057424 0.0001086 1.2269000
0.8375500 1.5634000 0.5332900 0.7669700 0.9508800 0.2782500 0.0395920 0.2852800 0.0231520 0.0878380 0.0076564 0.0028187 0.0000563 0.8079000
0.8431500 1.8134000 0.5461100 0.8440600 0.9666700 0.4943700 0.0385090 0.2699000 0.0546530 0.1441100 0.0203450 0.0082654 0.0001628 1.4950000
0.8260200 1.6637000 0.4924400 0.8862000 0.9929800 0.5713600 0.0221520 0.0893060 0.0344440 0.1012000 0.0101380 0.0030708 0.0001651 1.1047000
0.8648600 1.7986000 0.5560600 0.8774500 0.9701800 0.5266900 0.0295550 0.1589800 0.0278830 0.0928660 0.0085504 0.0031577 0.0001209 0.9961000
0.8456300 1.7418000 0.4981800 0.9274800 1.0000000 0.6230100 0.0147080 0.0393740 0.0250280 0.0776670 0.0059959 0.0021050 0.0002962 1.1899000
0.8716300 2.0659000 0.5533900 0.9486800 1.0000000 0.6023100 0.0316710 0.1825500 0.0497060 0.1344000 0.0177420 0.0066921 0.0001613 1.4016000
0.8658700 1.9999000 0.5272500 0.9721500 0.9947400 0.6728300 0.0092956 0.0157260 0.0211920 0.0739460 0.0054383 0.0014673 0.0001549 0.7820100
0.8237300 1.6421000 0.4745800 0.8577700 0.9842100 0.5037400 0.0200490 0.0731570 0.0186980 0.0755670 0.0056780 0.0023517 0.0000879 0.7658000
0.8428500 1.8572000 0.5193100 0.9133900 0.9754400 0.6052600 0.0287340 0.1502700 0.0382830 0.1156000 0.0131860 0.0048867 0.0001256 1.1185000
0.9850200 6.0596000 0.8361200 0.9762800 0.9877200 0.3154600 0.0232200 0.0981330 0.0368300 0.1066100 0.0112380 0.0032908 0.0002221 1.0185000
0.9848700 6.0229000 0.8362800 0.9652200 1.0000000 0.2950900 0.0246670 0.1107400 0.0303000 0.0970950 0.0093394 0.0027833 0.0001834 0.8502500
0.9885300 6.6280000 0.8492800 0.9686100 0.9771900 0.2771700 0.0290320 0.1534000 0.0327220 0.1028300 0.0104620 0.0033387 0.0001312 0.9498500
0.9832600 5.8308000 0.8287800 0.9648900 1.0000000 0.3077700 0.0146720 0.0391780 0.0192780 0.0731180 0.0053178 0.0014657 0.0000979 0.6640300
0.9859200 6.0269000 0.8388400 0.9602700 0.9684200 0.2834500 0.0250040 0.1137900 0.0212260 0.0808690 0.0064972 0.0019570 0.0000917 0.6483900
0.9869500 6.2904000 0.8412400 0.9708500 1.0000000 0.2928800 0.0232210 0.0981400 0.0258590 0.0898210 0.0080032 0.0024919 0.0000979 0.8112000
0.9871700 6.5173000 0.8472600 0.9684600 1.0000000 0.2889900 0.0220560 0.0885400 0.0421240 0.1184200 0.0138290 0.0043818 0.0002022 1.0980000
0.9836100 5.8719000 0.8284700 0.9548800 0.9842100 0.3213400 0.0401640 0.2935900 0.0392430 0.1162200 0.0133270 0.0043872 0.0001947 1.0006000
0.9864300 6.1273000 0.8473700 0.9527400 0.8964900 0.2998200 0.0194210 0.0686430 0.0289860 0.0956420 0.0090645 0.0027526 0.0001443 0.8252900
0.9860000 6.1763000 0.8394200 0.9783700 0.9929800 0.3160700 0.0117690 0.0252080 0.0510480 0.1352400 0.0179610 0.0060176 0.0003128 1.1660000
0.9882400 7.1420000 0.8606900 0.9668300 0.9947400 0.2695100 0.0216970 0.0856800 0.0243610 0.0871080 0.0075307 0.0023055 0.0000979 0.7396000
0.4782100 1.2059000 0.3497600 0.9037800 0.9964900 0.5129800 0.0301660 0.1656100 0.0825090 0.1734700 0.0292130 0.0093049 0.0006787 1.5956000
0.5394100 1.2780000 0.3228600 0.9179300 0.9736800 0.6354500 0.0348840 0.2214700 0.0609670 0.1512400 0.0223620 0.0076389 0.0004395 1.2541000
0.5483300 1.2733000 0.3109300 0.9340900 0.9982500 0.5970700 0.0179660 0.0587440 0.0436850 0.1250500 0.0153970 0.0051037 0.0004244 0.9461700
0.5893800 1.3232000 0.4014500 0.8900900 0.9842100 0.4397700 0.0479070 0.4177000 0.1148800 0.1921100 0.0355920 0.0091838 0.0015424 2.1004000
0.6480300 1.3920000 0.4136200 0.8975200 0.9631600 0.5089200 0.0267370 0.1301000 0.0582840 0.1503300 0.0220990 0.0078269 0.0003643 1.1840000
0.5402900 1.2759000 0.3699200 0.8883100 0.9771900 0.5428300 0.0281380 0.1441000 0.0515540 0.1425600 0.0199170 0.0074501 0.0002035 1.1427000
0.4309000 1.2825000 0.3876900 0.8534100 0.9666700 0.4620400 0.0524030 0.4997900 0.0676880 0.1619800 0.0255660 0.0091042 0.0004309 1.3596000
0.4659000 1.2195000 0.2709500 0.9443300 1.0000000 0.6659900 0.0133220 0.0322990 0.0243320 0.1040500 0.0107100 0.0047135 0.0000463 0.5644700
0.4867000 1.2165000 0.3769100 0.9016100 0.9947400 0.5400600 0.0321810 0.1884800 0.0987160 0.1837700 0.0326700 0.0095290 0.0009566 1.9018000
0.4609800 1.2199000 0.3296700 0.9045900 1.0000000 0.5632900 0.0270610 0.1332800 0.0921560 0.1824900 0.0322300 0.0100760 0.0009096 1.7156000
0.7308600 1.5285000 0.4645500 0.8729100 0.9719300 0.4865000 0.0342890 0.2139900 0.0289800 0.1019100 0.0102800 0.0035859 0.0001005 0.7667600
0.5157700 1.2902000 0.3245400 0.9208000 0.9947400 0.6201700 0.0238790 0.1037800 0.0475010 0.1222800 0.0147320 0.0042129 0.0005695 1.1232000
0.5983700 1.3539000 0.3570400 0.9364700 0.9982500 0.6444800 0.0198180 0.0714840 0.0453260 0.1313700 0.0169660 0.0059817 0.0003532 0.9368200
0.5511200 1.2821000 0.3968300 0.8837500 0.9964900 0.4949200 0.0305760 0.1701500 0.0620150 0.1462100 0.0209300 0.0063685 0.0006775 1.2659000
0.4494100 1.1374000 0.3845800 0.9073600 0.9736800 0.5459500 0.0478090 0.4160100 0.1138500 0.1860800 0.0334670 0.0082395 0.0012682 2.2422000
0.4672700 1.1876000 0.3674800 0.9154200 0.9771900 0.5799500 0.0513350 0.4796200 0.1376400 0.1873200 0.0338990 0.0061636 0.0029358 2.5551000
0.5536200 1.2438000 0.3951700 0.9109200 0.9719300 0.5111300 0.0463230 0.3905500 0.0831540 0.1746500 0.0296000 0.0094574 0.0007461 1.5807000
0.3217500 1.1782000 0.3215100 0.9180300 0.9754400 0.5871900 0.0459330 0.3840000 0.0768180 0.1462200 0.0209310 0.0048174 0.0014091 1.6749000
0.6441400 1.3700000 0.4269700 0.9145700 0.9649100 0.4476400 0.0554110 0.5588200 0.1203000 0.1914900 0.0353730 0.0084315 0.0018137 2.2137000
0.5597700 1.3442000 0.3430100 0.9298000 0.9754400 0.5787900 0.0535640 0.5221800 0.1490500 0.2554300 0.0612490 0.0238100 0.0005970 2.4130000
0.5011400 1.2499000 0.3010100 0.9447700 0.9807000 0.6743000 0.0494000 0.4441500 0.0962520 0.2303400 0.0503820 0.0258770 0.0002693 1.4463000
0.2304100 1.1294000 0.2549600 0.9420100 0.9736800 0.6084000 0.0407220 0.3018000 0.1095700 0.2357100 0.0526360 0.0241800 0.0004235 1.6648000
0.4609400 1.1366000 0.2290500 0.9556500 0.9754400 0.7123400 0.0382860 0.2667800 0.1175300 0.2204100 0.0463290 0.0165540 0.0006477 1.9866000
0.5491300 1.2769000 0.3128300 0.9388900 0.9912300 0.5933000 0.0415390 0.3140400 0.1518800 0.2605000 0.0635500 0.0237900 0.0008430 2.2030000
0.3216800 1.1127000 0.2705500 0.9542600 0.9929800 0.7000600 0.0542600 0.5358400 0.1096700 0.2150700 0.0442120 0.0162520 0.0006120 1.8452000
0.3856400 1.0471000 0.2332800 0.9517600 0.9736800 0.6710700 0.0508320 0.4702800 0.1356300 0.2474400 0.0576930 0.0220000 0.0008684 1.9757000
0.3612700 1.0573000 0.2621300 0.9392300 0.9666700 0.5930200 0.0496200 0.4481100 0.1906700 0.2808100 0.0730890 0.0238250 0.0012501 2.6604000
0.5124700 1.1116000 0.6562600 0.5772400 0.5929800 0.1686700 0.1118700 2.2776000 0.0160010 0.0612380 0.0037361 0.0008786 0.0001028 0.6508000
0.5489300 1.1111000 0.6398300 0.5662300 0.6000000 0.1574300 0.1308100 3.1143000 0.0212310 0.0797220 0.0063155 0.0019123 0.0000739 0.7194900
0.4342500 1.0950000 0.6882800 0.5239800 0.5421100 0.1539600 0.1376100 3.4462000 0.0211470 0.0732020 0.0053299 0.0013400 0.0001638 0.7549600
0.3850100 1.0656000 0.6304200 0.5122300 0.5912300 0.1370500 0.1229200 2.7498000 0.0333730 0.0989070 0.0096879 0.0027872 0.0002143 1.0015000
0.2675800 1.1316000 0.6012800 0.5430100 0.7736800 0.2031100 0.1535400 4.2904000 0.0179450 0.0714500 0.0050792 0.0014652 0.0000725 0.6327300
0.2446500 1.0470000 0.6051100 0.5652400 0.7947400 0.2178800 0.1252200 2.8540000 0.0375950 0.1270000 0.0158740 0.0065870 0.0001080 0.8331000
0.3909200 1.0870000 0.6817400 0.5096100 0.6614000 0.1536100 0.1408200 3.6093000 0.0286380 0.0891350 0.0078824 0.0021177 0.0002104 0.9008200
0.4042000 1.0965000 0.6589900 0.5283300 0.6842100 0.1771000 0.1301700 3.0837000 0.0290570 0.0968360 0.0092902 0.0028927 0.0001265 0.8238300
0.5069200 1.1270000 0.6720300 0.5302400 0.7526300 0.1679200 0.1300600 3.0788000 0.0152790 0.0575920 0.0033059 0.0007285 0.0001098 0.6728900
0.4756500 1.0656000 0.6917200 0.5233000 0.4964900 0.1413300 0.1298700 3.0697000 0.0239770 0.0842000 0.0070397 0.0020845 0.0001128 0.7739900
0.5238200 1.1117000 0.6717500 0.5470100 0.6298200 0.1515700 0.1367400 3.4028000 0.0264340 0.0857920 0.0073064 0.0021373 0.0001658 0.9051300
0.3646200 1.0811000 0.6775500 0.4904200 0.6877200 0.1411800 0.1243000 2.8118000 0.0378660 0.1169200 0.0134850 0.0046475 0.0001769 0.9229000
0.5221200 1.1191000 0.7098800 0.5067800 0.6491200 0.1412000 0.1319200 3.1674000 0.0254780 0.0859640 0.0073356 0.0021793 0.0001485 0.8280900
0.3820300 1.0405000 0.6901000 0.4854900 0.6368400 0.1316500 0.1185200 2.5565000 0.0279970 0.0933120 0.0086320 0.0026591 0.0001247 0.8499400
0.2712300 1.0960000 0.6807500 0.4944600 0.5368400 0.1308800 0.1281500 2.9887000 0.0219430 0.0728820 0.0052838 0.0013391 0.0002206 0.8040200
0.4488200 1.0118000 0.6301000 0.5713400 0.8105300 0.1618700 0.1111500 2.2486000 0.0273090 0.0888890 0.0078393 0.0022734 0.0001755 0.8600000
0.8837400 2.4765000 0.6138900 0.8581000 0.9824600 0.4044800 0.0545110 0.5408100 0.0648900 0.1465700 0.0210320 0.0067378 0.0003720 1.6461000
0.9157900 2.5959000 0.6302300 0.9497700 1.0000000 0.4976000 0.0244040 0.1083900 0.0670440 0.1528000 0.0228140 0.0075708 0.0003141 1.6221000
0.8286600 1.9848000 0.5091700 0.9418000 0.9982500 0.5594200 0.0255240 0.1185700 0.0801030 0.1669200 0.0271070 0.0086548 0.0004265 1.8038000
0.8786300 2.4734000 0.6089800 0.8786900 0.9912300 0.4575800 0.0569940 0.5911900 0.0764710 0.1636900 0.0260950 0.0087482 0.0003435 1.8363000
0.9287600 2.8218000 0.6608100 0.9333500 0.9754400 0.4369900 0.0461520 0.3876700 0.0508060 0.1340800 0.0176610 0.0064421 0.0001794 1.4027000
0.9109300 2.6184000 0.6323600 0.9286800 0.9912300 0.5158400 0.0210910 0.0809560 0.0509400 0.1267600 0.0158150 0.0047138 0.0003180 1.3323000
0.9247900 2.5638000 0.6225500 0.9622600 0.9789500 0.5750400 0.0097927 0.0174530 0.0261560 0.1002900 0.0099580 0.0040505 0.0000447 0.7771800
0.9003700 2.3499000 0.6012500 0.9371300 0.9842100 0.4617200 0.0316600 0.1824200 0.0962350 0.1808100 0.0316580 0.0105000 0.0005082 2.3052000
0.8728000 2.3151000 0.5875100 0.9071600 0.9877200 0.4525700 0.0580290 0.6128700 0.0759700 0.1737800 0.0293130 0.0114480 0.0002564 1.6895000
0.9337700 2.8883000 0.6666500 0.9302600 0.9631600 0.4303200 0.0357100 0.2320900 0.0476750 0.1291700 0.0164120 0.0057866 0.0001611 1.3210000
0.8818500 2.1732000 0.5702800 0.9301300 0.9982500 0.4501400 0.0490620 0.4380900 0.0722460 0.1660100 0.0268200 0.0102880 0.0002503 1.7405000
0.8725900 2.1845000 0.5692200 0.9396900 0.9947400 0.5261100 0.0445980 0.3619900 0.0603880 0.1422700 0.0198390 0.0062705 0.0003149 1.4969000
0.7176300 1.5041000 0.3372300 0.9880300 1.0000000 0.8234200 0.0040421 0.0029736 0.0500640 0.1254200 0.0154860 0.0046629 0.0002709 1.3598000
0.7328100 1.5437000 0.3623100 0.9861600 1.0000000 0.7935900 0.0052593 0.0050342 0.0467310 0.1203000 0.0142650 0.0041563 0.0002644 1.2681000
0.7528500 1.5603000 0.3847400 0.9870100 0.9964900 0.7803700 0.0046110 0.0038695 0.0467050 0.1172300 0.0135560 0.0038164 0.0002837 1.3539000
0.7393500 1.5319000 0.3498700 0.9847900 1.0000000 0.8106700 0.0078079 0.0110950 0.0278880 0.1147200 0.0129900 0.0060166 0.0000501 0.5989500
0.6396900 1.3612000 0.2884500 0.9873800 1.0000000 0.8212500 0.0042318 0.0032593 0.0804460 0.1581300 0.0243940 0.0066506 0.0006763 1.8274000
0.6203300 1.3105000 0.2631200 0.9853500 1.0000000 0.8247800 0.0049896 0.0045311 0.0700420 0.1465500 0.0210250 0.0058018 0.0005302 1.7050000
0.6453600 1.3743000 0.2816200 0.9864600 1.0000000 0.8449400 0.0054270 0.0053602 0.0268530 0.0859490 0.0073330 0.0020334 0.0001281 0.9429600
0.7011500 1.4925000 0.3404800 0.9826200 1.0000000 0.7847300 0.0061511 0.0068862 0.0840500 0.1710200 0.0284180 0.0087725 0.0005286 1.7782000
0.7027500 1.5016000 0.3477200 0.9877600 0.9982500 0.8084800 0.0037534 0.0025640 0.0555120 0.1261300 0.0156590 0.0040220 0.0005011 1.4395000
0.6968600 1.4507000 0.3357500 0.9851000 1.0000000 0.8046100 0.0036582 0.0024356 0.0382110 0.1088900 0.0117170 0.0035810 0.0001666 1.1363000
0.6635100 1.4024000 0.3117900 0.9852900 1.0000000 0.8109100 0.0068704 0.0085907 0.0682060 0.1389500 0.0189400 0.0049098 0.0006242 1.7727000
0.6736200 1.3988000 0.3060800 0.9830100 1.0000000 0.7999800 0.0087621 0.0139730 0.1196000 0.1780400 0.0307260 0.0063197 0.0016787 2.5094000
0.6431400 1.3574000 0.2806300 0.9863100 0.9982500 0.8138100 0.0052732 0.0050608 0.0585310 0.1310800 0.0168920 0.0044631 0.0004831 1.5136000
0.9129800 2.4550000 0.6109700 0.9697900 0.9982500 0.5621000 0.0095958 0.0167580 0.0904470 0.1871000 0.0338230 0.0115000 0.0005640 1.6879000
0.9136000 2.5213000 0.6134100 0.9722700 1.0000000 0.5624800 0.0078474 0.0112080 0.0684270 0.1432500 0.0201080 0.0055763 0.0005719 1.7187000
0.9135500 2.4570000 0.6110800 0.9703400 0.9754400 0.5645000 0.0077029 0.0107990 0.0925470 0.1878600 0.0340880 0.0117080 0.0004610 1.8501000
0.9137800 2.4132000 0.6036200 0.9661800 0.9964900 0.5615300 0.0091377 0.0151970 0.1060400 0.2031600 0.0396370 0.0132270 0.0007298 1.8526000
0.8589700 1.9723000 0.5143400 0.9740700 0.9982500 0.6792000 0.0068392 0.0085129 0.0465180 0.1384800 0.0188160 0.0073898 0.0001545 1.0140000
0.9129600 2.4862000 0.6231500 0.9618800 1.0000000 0.5104100 0.0106840 0.0207750 0.0645390 0.1367800 0.0183650 0.0048636 0.0005276 1.6875000
0.9380200 2.8087000 0.6577400 0.9709100 1.0000000 0.5819400 0.0067321 0.0082485 0.0522180 0.1349100 0.0178740 0.0057374 0.0003025 1.2161000
0.9405800 3.0366000 0.6924800 0.9395200 0.9947400 0.4297900 0.0312190 0.1773800 0.0386910 0.1076000 0.0114450 0.0032156 0.0002482 1.0843000
0.8967200 2.2534000 0.5768900 0.9648800 1.0000000 0.5790600 0.0081422 0.0120660 0.0627780 0.1512000 0.0223510 0.0078553 0.0003119 1.4575000
0.8950700 2.2045000 0.5560500 0.9770100 0.9964900 0.6421400 0.0053433 0.0051962 0.1020000 0.1959800 0.0369880 0.0125620 0.0004844 2.0484000
0.8824600 2.1000000 0.5486000 0.9692900 0.9982500 0.6189700 0.0073021 0.0097043 0.1015200 0.1971700 0.0374200 0.0129950 0.0004913 2.0094000
0.9083100 2.4038000 0.5926300 0.9768800 0.9982500 0.5925900 0.0064679 0.0076137 0.0636880 0.1472000 0.0212080 0.0067017 0.0003270 1.5332000
0.4132000 1.0384000 0.4846500 0.7811800 0.8701800 0.3047800 0.0807220 1.1859000 0.0473030 0.1261900 0.0156740 0.0058992 0.0001904 1.4890000
0.5632400 1.1928000 0.4740000 0.7756400 0.9333300 0.3479100 0.0694040 0.8766800 0.1040100 0.1792300 0.0311250 0.0094494 0.0007474 2.4883000
0.4896700 1.1232000 0.4617500 0.8021400 0.9000000 0.3103400 0.0734620 0.9822000 0.1012500 0.1792600 0.0311330 0.0101020 0.0006813 2.4808000
0.6031900 1.0880000 0.5173900 0.7638000 0.9017500 0.2380200 0.0770220 1.0797000 0.1099400 0.1797600 0.0313030 0.0088846 0.0008789 2.6613000
0.5362200 1.2341000 0.4497900 0.7882000 0.9438600 0.3842600 0.0722530 0.9501300 0.0429920 0.1233700 0.0149930 0.0056501 0.0001310 1.2646000
0.3790200 1.0738000 0.5242000 0.7158600 0.8543900 0.2630900 0.0653120 0.7763500 0.0671610 0.1427500 0.0199690 0.0059582 0.0004063 1.8527000
0.5369300 1.0751000 0.5566700 0.7439500 0.7754400 0.2724100 0.0802780 1.1729000 0.0913220 0.1626500 0.0257730 0.0073180 0.0008070 2.2704000
0.5115300 1.0767000 0.4705300 0.7795200 0.9070200 0.2883800 0.0769920 1.0789000 0.0847110 0.1721300 0.0287760 0.0099656 0.0003964 2.0412000
0.4427100 1.0836000 0.4954800 0.7443400 0.8701800 0.2647800 0.0794810 1.1497000 0.1015100 0.1726000 0.0289290 0.0076406 0.0008449 2.3890000
0.3057400 1.1176000 0.5884700 0.6650200 0.8473700 0.2407400 0.1006400 1.8435000 0.0746210 0.1427300 0.0199660 0.0054026 0.0006239 2.1403000
0.9252200 2.6950000 0.6357100 0.9299400 0.9929800 0.5050000 0.0407070 0.3015800 0.0557420 0.1559200 0.0237340 0.0096617 0.0003024 1.0351000
0.9055700 2.3423000 0.5848700 0.9594300 0.9736800 0.5553700 0.0235420 0.1008700 0.0458970 0.1343300 0.0177240 0.0066757 0.0002453 0.9943000
0.9188500 2.6380000 0.6285900 0.9669200 0.9912300 0.5226900 0.0200810 0.0733900 0.0541450 0.1674000 0.0272570 0.0133220 0.0001664 0.8989000
0.8896500 2.3863000 0.5905100 0.9056400 0.9842100 0.5136000 0.0489340 0.4358100 0.0628860 0.1745400 0.0295620 0.0133640 0.0002636 1.0734000
0.9456000 3.1174000 0.7091200 0.7948900 0.8929800 0.3391500 0.1345700 3.2956000 0.0526850 0.1487500 0.0216480 0.0085690 0.0002561 1.0503000
0.9174700 2.7054000 0.6409100 0.8768700 0.9894700 0.4253100 0.0893640 1.4534000 0.0422160 0.1209800 0.0144240 0.0047692 0.0003061 1.0097000
0.8604900 2.0997000 0.5320000 0.9358000 0.9877200 0.5343000 0.0339940 0.2103200 0.0402540 0.1359200 0.0181400 0.0080226 0.0001014 0.8205900
0.8980800 2.4056000 0.5913700 0.9318600 0.9859600 0.5122900 0.0293980 0.1572900 0.0441850 0.1547900 0.0234000 0.0123360 0.0000763 0.7888700
0.8698800 2.1277000 0.5392600 0.9625700 1.0000000 0.6492700 0.0278990 0.1416600 0.0268490 0.0969680 0.0093152 0.0032376 0.0001040 0.7271000
0.8667500 2.0417000 0.5299900 0.9447700 0.9894700 0.5514100 0.0287490 0.1504300 0.0310230 0.1200700 0.0142110 0.0064538 0.0000695 0.6496600
0.9665200 3.8162000 0.7427300 0.8256600 0.9473700 0.3292500 0.1446000 3.8052000 0.0227150 0.1014800 0.0101930 0.0046292 0.0000445 0.5217500
0.9339600 2.9367000 0.6668900 0.9254300 0.9947400 0.4567600 0.0300520 0.1643700 0.0151590 0.0711980 0.0050436 0.0017096 0.0000485 0.4676200
0.6182300 1.2435000 0.3308400 0.9414700 0.9614000 0.6408900 0.0242550 0.1070800 0.0175430 0.0974500 0.0094072 0.0051286 0.0000128 0.3732400
0.6171700 1.2296000 0.3489700 0.9318900 0.9736800 0.6017600 0.0253750 0.1171900 0.0129060 0.0701970 0.0049035 0.0019323 0.0000245 0.3772800
0.6240400 1.1599000 0.4789900 0.9156200 0.8508800 0.4515400 0.0972050 1.7197000 0.0139830 0.0764080 0.0058043 0.0024109 0.0000257 0.3602900
0.4822900 1.1574000 0.4261700 0.9174100 0.9245600 0.4669900 0.0633960 0.7314700 0.0265220 0.1050000 0.0109040 0.0044681 0.0000678 0.6346800
0.5684000 1.1876000 0.4800100 0.9124700 0.7947400 0.3885000 0.0891620 1.4469000 0.0271130 0.1018200 0.0102610 0.0037888 0.0001067 0.6556700
0.6273300 1.2441000 0.5021400 0.9004900 0.8666700 0.4775800 0.0925910 1.5603000 0.0203400 0.0916450 0.0083289 0.0033696 0.0000491 0.4919500
0.5863700 1.1419000 0.3033900 0.9330500 0.9210500 0.5732300 0.0412820 0.3101600 0.0228860 0.0937040 0.0087041 0.0032291 0.0001044 0.5448100
0.5077100 1.1084000 0.2507100 0.9352900 0.9859600 0.6492700 0.0259500 0.1225600 0.0134930 0.0735090 0.0053745 0.0021246 0.0000319 0.3475000
0.6018000 1.2254000 0.4183500 0.9426900 0.9526300 0.5487100 0.0588350 0.6299900 0.0162020 0.0748830 0.0055761 0.0018797 0.0000713 0.4376900
0.6354800 1.2020000 0.4736500 0.8937300 0.8684200 0.4434700 0.0776160 1.0964000 0.0224030 0.1038600 0.0106720 0.0050840 0.0000313 0.4891100
0.6504800 1.2354000 0.4498700 0.9092900 0.8912300 0.5759400 0.0706990 0.9097000 0.0093349 0.0592000 0.0034924 0.0013047 0.0000222 0.2616900
0.6460400 1.4683000 0.3545700 0.9588000 0.9912300 0.7064100 0.0202100 0.0743340 0.0590260 0.1272100 0.0159250 0.0037362 0.0012496 1.3596000
0.5545700 1.2955000 0.2551900 0.9744100 0.9982500 0.7824000 0.0120630 0.0264830 0.0201290 0.0767220 0.0058518 0.0016389 0.0001275 0.6062900
0.4443000 1.2035000 0.1943200 0.9831900 1.0000000 0.8330000 0.0103170 0.0193730 0.0290590 0.1026500 0.0104270 0.0036270 0.0001175 0.7325500
0.6368000 1.4266000 0.2997600 0.9747000 0.9982500 0.7845700 0.0133850 0.0326080 0.0282720 0.0844950 0.0070888 0.0017155 0.0003135 0.9130000
0.6416800 1.4853000 0.3362000 0.9556200 0.9982500 0.7295200 0.0174390 0.0553500 0.0241300 0.0746410 0.0055403 0.0011940 0.0003192 0.8227900
0.5823200 1.3430000 0.2927100 0.9505500 0.9982500 0.7149900 0.0268760 0.1314600 0.0681340 0.1320400 0.0171360 0.0036798 0.0014697 1.6315000
0.4456700 1.2107000 0.2025700 0.9710400 0.9912300 0.8009400 0.0161770 0.0476280 0.0206320 0.0741150 0.0054631 0.0013865 0.0001617 0.6642300
0.6792500 1.4870000 0.3346500 0.9730700 0.9824600 0.7713000 0.0123990 0.0279800 0.0075996 0.0441320 0.0019439 0.0004906 0.0000369 0.2885700
0.1170800 1.0944000 0.1745000 0.9754500 1.0000000 0.8195700 0.0161140 0.0472590 0.0330070 0.0870920 0.0075278 0.0015680 0.0006066 1.0292000
0.5328300 1.3078000 0.2592500 0.9672700 1.0000000 0.7706500 0.0177450 0.0573120 0.0534100 0.1225900 0.0148060 0.0035923 0.0012358 1.1886000
0.5282800 1.2496000 0.2238000 0.9831700 1.0000000 0.8249500 0.0103720 0.0195800 0.0474820 0.1027400 0.0104440 0.0019794 0.0011976 1.3410000
0.3523600 1.1460000 0.2007600 0.9687600 0.9964900 0.7133300 0.0177290 0.0572040 0.0332490 0.0990680 0.0097191 0.0026530 0.0003573 0.8704600
0.6489700 1.4597000 0.3304000 0.9740600 1.0000000 0.7532300 0.0160210 0.0467150 0.0120250 0.0502660 0.0025203 0.0005112 0.0001330 0.4926100
0.7216200 1.4686000 0.4347500 0.9133700 0.9859600 0.6073800 0.0463240 0.3905500 0.0976280 0.1847100 0.0329920 0.0097255 0.0010430 1.8296000
0.7157300 1.3808000 0.3779800 0.9503500 0.9912300 0.6813800 0.0250770 0.1144500 0.1042900 0.2318300 0.0510040 0.0235710 0.0004443 1.5025000
0.8195700 1.5600000 0.4951300 0.9103600 0.9842100 0.6069100 0.0459770 0.3847300 0.0978940 0.2066500 0.0409540 0.0155210 0.0007191 1.5452000
0.8302900 1.6330000 0.4943700 0.9259700 0.9684200 0.6252900 0.0453310 0.3739900 0.1342300 0.2648000 0.0655230 0.0297860 0.0007442 1.7493000
0.7525900 1.5852000 0.4115500 0.9103600 0.9929800 0.6582100 0.0441620 0.3549500 0.1295900 0.2534300 0.0603520 0.0260030 0.0006391 1.8130000
0.7831000 1.5389000 0.4263900 0.9464800 0.9754400 0.6547800 0.0387060 0.2726600 0.1260700 0.2446900 0.0564920 0.0232590 0.0006677 1.8504000
0.7882300 1.6027000 0.4499500 0.9135700 0.9561400 0.6278100 0.0607070 0.6707200 0.1295800 0.2522000 0.0598030 0.0252280 0.0009264 1.7489000
0.8309400 1.6643000 0.4943900 0.9601600 0.9964900 0.6560500 0.0238410 0.1034500 0.1226600 0.2476600 0.0577890 0.0253080 0.0007834 1.7001000
0.7885000 1.6380000 0.4303200 0.9541700 1.0000000 0.7110100 0.0267830 0.1305500 0.1280800 0.2144100 0.0439500 0.0130320 0.0010116 2.2764000
0.7336500 1.5028000 0.3488700 0.9828000 1.0000000 0.8014400 0.0053647 0.0052380 0.0292550 0.1032700 0.0105530 0.0043013 0.0000916 0.8840700
0.8277500 1.8420000 0.4876900 0.9738300 0.9982500 0.6840500 0.0161900 0.0477060 0.0220410 0.0879630 0.0076781 0.0029651 0.0000688 0.6817400
0.5562600 1.2516000 0.2397500 0.9802000 1.0000000 0.8141100 0.0073087 0.0097220 0.0569550 0.1793300 0.0311570 0.0174030 0.0000845 0.9885800
0.2990100 1.0375000 0.1076100 0.9838600 1.0000000 0.8493600 0.0114620 0.0239120 0.0328830 0.0960340 0.0091383 0.0025695 0.0001873 1.0837000
0.4822300 1.1577000 0.1690800 0.9788600 1.0000000 0.7119200 0.0088640 0.0143000 0.0371740 0.1138400 0.0127940 0.0044407 0.0001485 1.0089000
0.5895000 1.2708000 0.2436400 0.9817300 0.9964900 0.8208200 0.0074388 0.0100710 0.0416880 0.1157600 0.0132230 0.0041000 0.0002572 1.1105000
0.3220000 1.0698000 0.1362600 0.9801700 0.9982500 0.8195300 0.0129130 0.0303470 0.0762670 0.1838300 0.0326900 0.0141590 0.0002631 1.4955000
0.4820000 1.1415000 0.1523500 0.9853600 1.0000000 0.8557200 0.0072199 0.0094870 0.0218630 0.0792830 0.0062465 0.0017479 0.0001314 0.6917800
0.8740200 2.0754000 0.5537300 0.9628100 0.9842100 0.5644800 0.0196560 0.0703160 0.0375530 0.1094600 0.0118390 0.0038499 0.0002141 1.0693000
0.5813800 1.2486000 0.2148500 0.9870400 1.0000000 0.8351100 0.0046582 0.0039492 0.0407200 0.1130400 0.0126180 0.0036743 0.0003332 1.0368000
0.4097400 1.0732000 0.1453800 0.9815500 1.0000000 0.8407000 0.0042083 0.0032232 0.0495300 0.1489000 0.0216910 0.0104190 0.0001026 1.1781000
0.8255600 1.6903000 0.4747700 0.9715300 1.0000000 0.7046200 0.0191540 0.0667740 0.0259810 0.1042700 0.0107560 0.0045965 0.0000445 0.6730600
0.6026700 1.2540000 0.2058700 0.9888300 1.0000000 0.8019300 0.0084333 0.0129440 0.0177770 0.0617860 0.0038030 0.0009196 0.0001523 0.8583900
0.6690600 1.2751000 0.3087700 0.9877000 1.0000000 0.8581600 0.0048599 0.0042987 0.0314880 0.0942410 0.0088032 0.0025337 0.0001906 1.0378000
0.8138000 1.7370000 0.4295600 0.9895600 1.0000000 0.7911700 0.0086131 0.0135020 0.0338710 0.1039900 0.0106990 0.0035528 0.0001539 1.0284000
0.7271900 1.4779000 0.3298000 0.9938800 1.0000000 0.8423000 0.0029668 0.0016019 0.0263400 0.0819030 0.0066634 0.0017846 0.0001939 0.9805000
0.7992300 1.6549000 0.4091900 0.9896400 1.0000000 0.8150000 0.0048968 0.0043641 0.0286930 0.0910080 0.0082145 0.0025009 0.0001361 0.9883400
0.8135400 1.6924000 0.4101600 0.9925600 1.0000000 0.7890900 0.0046348 0.0039096 0.0313420 0.0964930 0.0092251 0.0028704 0.0001701 1.0171000
0.8561000 1.8730000 0.4965400 0.9804700 1.0000000 0.6913000 0.0092289 0.0155010 0.0479610 0.1039000 0.0106810 0.0024623 0.0008070 1.6203000
0.7596800 1.5763000 0.3895400 0.9873100 1.0000000 0.8232300 0.0055820 0.0056708 0.0347340 0.0982080 0.0095526 0.0027074 0.0002340 1.1433000
0.8031000 1.6520000 0.4026800 0.9769500 1.0000000 0.7983300 0.0108830 0.0215580 0.0467640 0.1022700 0.0103520 0.0021515 0.0007406 1.5053000
0.7938900 1.5303000 0.4293700 0.9680200 0.9964900 0.7920900 0.0165660 0.0499490 0.0470300 0.1176900 0.0136610 0.0041812 0.0003485 1.4200000
0.6655100 1.3617000 0.2680400 0.9894900 1.0000000 0.7660300 0.0051790 0.0048816 0.0177920 0.0743920 0.0055037 0.0018166 0.0000525 0.6231700
0.9460000 3.3475000 0.7081000 0.9621200 1.0000000 0.4567100 0.0354340 0.2285100 0.0549860 0.1310600 0.0168860 0.0047646 0.0005124 1.3088000
0.9303800 2.8852000 0.6752500 0.9573800 1.0000000 0.5096400 0.0271110 0.1337700 0.0507030 0.1232900 0.0149720 0.0041932 0.0003217 1.3848000
0.9154900 2.6796000 0.6286200 0.9638100 1.0000000 0.5587400 0.0190830 0.0662760 0.1035100 0.1988200 0.0380280 0.0127510 0.0005745 1.9702000
0.8720200 2.1536000 0.5381700 0.9788000 1.0000000 0.6561900 0.0203270 0.0752030 0.0813060 0.1872600 0.0338780 0.0132110 0.0003614 1.4606000
0.9132800 2.5654000 0.6118500 0.9817900 1.0000000 0.6031300 0.0067260 0.0082335 0.0934840 0.1922500 0.0356440 0.0122450 0.0006160 1.6701000
0.9199600 2.6668000 0.6308300 0.9789400 1.0000000 0.5800200 0.0103110 0.0193490 0.1125000 0.1978500 0.0376710 0.0112050 0.0007888 2.2241000
0.9167700 2.6955000 0.6299800 0.9827500 1.0000000 0.5945900 0.0049218 0.0044087 0.1046700 0.1876000 0.0339970 0.0096762 0.0008526 2.0585000
0.9139700 2.7289000 0.6465600 0.9668500 0.9929800 0.5551900 0.0223510 0.0909250 0.0685140 0.1525000 0.0227280 0.0070313 0.0004108 1.5681000
0.8762000 2.2436000 0.5631400 0.9842500 1.0000000 0.6513300 0.0101950 0.0189150 0.1448200 0.2248500 0.0481220 0.0134230 0.0012638 2.4685000
0.9208100 2.9198000 0.6584500 0.9686100 0.9982500 0.5229900 0.0115870 0.0244370 0.0647880 0.1684200 0.0275810 0.0112200 0.0002436 1.2406000
0.8683200 2.1410000 0.5400400 0.9848300 1.0000000 0.6931300 0.0090480 0.0149000 0.1192700 0.2052000 0.0404050 0.0116590 0.0010933 2.1073000
0.9332300 3.2220000 0.6917400 0.9579100 1.0000000 0.4814200 0.0226540 0.0934030 0.0753070 0.1756100 0.0299150 0.0110620 0.0003996 1.4215000
0.8375000 1.9512000 0.4905000 0.9680000 0.9824600 0.6513800 0.0162240 0.0479080 0.0051195 0.0356210 0.0012673 0.0003224 0.0000112 0.2351400
0.8327500 2.0014000 0.5015700 0.9557000 0.9964900 0.6701900 0.0284220 0.1470200 0.0092534 0.0510820 0.0026026 0.0007328 0.0000401 0.3256700
0.8457900 2.0052000 0.4993100 0.9658500 0.9982500 0.6514900 0.0199810 0.0726600 0.0050343 0.0361890 0.0013079 0.0003512 0.0000088 0.2254700
0.7405300 1.6378000 0.3892000 0.9666000 1.0000000 0.7484400 0.0250320 0.1140400 0.0083497 0.0453910 0.0020561 0.0005493 0.0000295 0.3844900
0.8292400 1.8903000 0.4724800 0.9643500 0.9982500 0.6610000 0.0238360 0.1034100 0.0057361 0.0376340 0.0014143 0.0003690 0.0000133 0.2709900
0.8225600 1.9016000 0.4762200 0.9650500 1.0000000 0.6974600 0.0250260 0.1139800 0.0056632 0.0334150 0.0011153 0.0002294 0.0000374 0.2950200
0.8450100 2.0918000 0.5173200 0.9451000 1.0000000 0.6071000 0.0397810 0.2880200 0.0081002 0.0448490 0.0020074 0.0005079 0.0000292 0.3431600
0.8187000 1.9126000 0.4783500 0.9490400 0.9929800 0.5858500 0.0380600 0.2636400 0.0050219 0.0340260 0.0011564 0.0002921 0.0000155 0.2603700
0.7896500 1.8186000 0.4535300 0.9492900 1.0000000 0.6334300 0.0303710 0.1678700 0.0080490 0.0434500 0.0018843 0.0004543 0.0000292 0.3653300
0.8072800 1.8570000 0.4619700 0.9501200 0.9929800 0.6091300 0.0284430 0.1472400 0.0096387 0.0600950 0.0035984 0.0013452 0.0000168 0.2768800
0.8039300 1.8829000 0.4698000 0.9306600 0.9929800 0.5801100 0.0437870 0.3489400 0.0101830 0.0619750 0.0038262 0.0014329 0.0000189 0.2850900
0.8545100 2.0600000 0.5156900 0.9680000 0.9842100 0.6090900 0.0254530 0.1179100 0.0079224 0.0449480 0.0020163 0.0005198 0.0000262 0.3259800
0.5092400 1.2166000 0.2794300 0.9346200 0.9912300 0.4092000 0.0160890 0.0471130 0.0965180 0.1713100 0.0285110 0.0069630 0.0015453 1.8510000
0.5291400 1.2066000 0.2559500 0.9394500 0.9789500 0.5169300 0.0190090 0.0657650 0.1467500 0.1984100 0.0378760 0.0073471 0.0023476 2.7085000
0.2458000 1.1011000 0.2061700 0.9499500 0.9929800 0.5318900 0.0128180 0.0299010 0.1427900 0.2053700 0.0404700 0.0090273 0.0018094 2.5790000
0.5551800 1.2318000 0.2522600 0.9478300 0.9912300 0.5496500 0.0151150 0.0415820 0.0591480 0.1399600 0.0192110 0.0057336 0.0004210 1.3579000
0.3514100 1.1428000 0.2426500 0.9363800 0.9912300 0.4784600 0.0197210 0.0707810 0.1074000 0.1879400 0.0341150 0.0089893 0.0015026 1.9019000
0.4803000 1.2022000 0.2679700 0.9454400 0.9982500 0.5213900 0.0227780 0.0944300 0.0662590 0.1481800 0.0214850 0.0061942 0.0007352 1.3669000
0.1928700 1.0551000 0.2504400 0.9364100 0.9947400 0.4728400 0.0196930 0.0705810 0.0559350 0.1303000 0.0166940 0.0045832 0.0004400 1.4111000
0.4963400 1.1832000 0.2285500 0.9468700 0.9894700 0.5861300 0.0173270 0.0546380 0.0471060 0.1274800 0.0159920 0.0051731 0.0002387 1.1489000
0.3325400 1.1208000 0.2747300 0.9362500 0.9947400 0.4983600 0.0243940 0.1083000 0.1080900 0.1688200 0.0277090 0.0059808 0.0012335 2.4866000
0.3960600 1.1647000 0.2941500 0.9406400 0.9929800 0.5486000 0.0252440 0.1159800 0.0516250 0.1201400 0.0142280 0.0037210 0.0003822 1.4943000
0.4193300 1.1928000 0.3056700 0.9342800 0.9894700 0.5068800 0.0209480 0.0798660 0.0574080 0.1250800 0.0154040 0.0039030 0.0004598 1.6497000
0.4576700 1.1629000 0.2407800 0.9427500 0.9929800 0.6391900 0.0202790 0.0748440 0.0284320 0.0957460 0.0090841 0.0028120 0.0001478 0.7853500
0.9954100 9.4912000 0.9139700 0.8499100 0.9736800 0.1742900 0.0821080 1.2270000 0.0125120 0.0606880 0.0036695 0.0010735 0.0000522 0.4192800
0.9961100 11.0060000 0.9223900 0.8696200 0.9912300 0.1458100 0.0647920 0.7640400 0.0111760 0.0578080 0.0033307 0.0009840 0.0000393 0.3731000
0.9976700 12.0090000 0.9452900 0.6700500 0.9438600 0.1111400 0.1989800 7.2062000 0.0102150 0.0511040 0.0026048 0.0006677 0.0000453 0.3990500
0.9945600 9.7351000 0.9044400 0.9334600 0.9842100 0.1963800 0.0208970 0.0794790 0.0165990 0.0752470 0.0056302 0.0019012 0.0000444 0.4899200
0.9970000 12.5480000 0.9239700 0.9387600 0.9684200 0.1610500 0.0269410 0.1321000 0.0101160 0.0578120 0.0033311 0.0010891 0.0000292 0.3101000
0.9969800 10.9130000 0.9383600 0.7008500 0.9368400 0.1155200 0.1533400 4.2796000 0.0106490 0.0556290 0.0030851 0.0008962 0.0000361 0.3741500
0.9955100 9.6915000 0.9123300 0.8825600 0.9350900 0.1756700 0.0496950 0.4494600 0.0137210 0.0676490 0.0045556 0.0015063 0.0000444 0.4105400
0.9950200 8.9910000 0.9278900 0.6868700 0.8684200 0.1447800 0.1885300 6.4689000 0.0132680 0.0689730 0.0047347 0.0016730 0.0000348 0.3749200
0.9958300 9.1366000 0.9250300 0.6923400 0.9070200 0.1510100 0.1791800 5.8432000 0.0054072 0.0441720 0.0019474 0.0007029 0.0000069 0.1694000
0.9959300 10.1200000 0.9246100 0.8066200 0.9070200 0.1505300 0.1225700 2.7342000 0.0082902 0.0523330 0.0027313 0.0009046 0.0000154 0.2730300
0.9942200 9.1985000 0.9111900 0.8375000 0.9842100 0.1771200 0.0554140 0.5588700 0.0161680 0.0799960 0.0063587 0.0024534 0.0000554 0.3868600
0.8622400 2.0735000 0.5226900 0.9868600 0.9947400 0.7052900 0.0100970 0.0185540 0.0414040 0.1216300 0.0145790 0.0048689 0.0002761 0.9458000
0.8702400 2.1094000 0.5286300 0.9836000 0.9929800 0.6078400 0.0031737 0.0018332 0.0269020 0.0913910 0.0082832 0.0024385 0.0001609 0.7390400
0.8624800 2.0398000 0.5133800 0.9883100 1.0000000 0.7141900 0.0057488 0.0060148 0.0526810 0.1394100 0.0190640 0.0063760 0.0004593 1.0667000
0.9030500 2.3455000 0.5772100 0.9850400 1.0000000 0.5874300 0.0044044 0.0035306 0.0224430 0.0778260 0.0060204 0.0015394 0.0002104 0.6856100
0.8856600 2.2029000 0.5499300 0.9863500 1.0000000 0.5903900 0.0037601 0.0025732 0.0394690 0.1245900 0.0152850 0.0056604 0.0002041 0.8427100
0.8807800 2.1470000 0.5402800 0.9898900 1.0000000 0.7192600 0.0031646 0.0018226 0.0448940 0.1290600 0.0163850 0.0056383 0.0003229 0.9657600
0.8848500 2.2398000 0.5575400 0.9799700 0.9982500 0.6797400 0.0091286 0.0151660 0.0256580 0.0872060 0.0075476 0.0021518 0.0001787 0.7515400
0.8866100 2.2553000 0.5647200 0.9828400 1.0000000 0.6753700 0.0121230 0.0267490 0.0222510 0.0836170 0.0069433 0.0020893 0.0001630 0.6077900
0.8318800 1.8445000 0.4680700 0.9869100 1.0000000 0.7501100 0.0049353 0.0044331 0.0348140 0.1086700 0.0116720 0.0036787 0.0003005 0.8034800
0.8527800 1.9935000 0.5010700 0.9844900 0.9982500 0.7212700 0.0068277 0.0084843 0.0155590 0.0709230 0.0050050 0.0015733 0.0000694 0.4479800
0.7867600 1.6815000 0.4138300 0.9768600 0.9982500 0.7686000 0.0135240 0.0332890 0.0165380 0.0763340 0.0057932 0.0019786 0.0000707 0.4322700
0.6988700 1.4947000 0.3469400 0.9790600 1.0000000 0.7442300 0.0070445 0.0090318 0.0672770 0.1580900 0.0243830 0.0079843 0.0006686 1.2554000
0.6055500 1.3891000 0.2956900 0.9743900 1.0000000 0.7360300 0.0108210 0.0213100 0.1363000 0.2082900 0.0415800 0.0100170 0.0020084 2.2733000
0.7949500 1.7056000 0.4204100 0.9847700 1.0000000 0.7631700 0.0074486 0.0100980 0.0641270 0.1462100 0.0209290 0.0061549 0.0006529 1.3662000
0.7553500 1.6662000 0.4065000 0.9762700 1.0000000 0.7512600 0.0098445 0.0176380 0.0204770 0.0905200 0.0081274 0.0031335 0.0001214 0.4391000
0.6939800 1.4542000 0.3245700 0.9826300 0.9947400 0.7944900 0.0063863 0.0074227 0.0790160 0.1655200 0.0266660 0.0079652 0.0007718 1.5438000
0.8199200 1.8698000 0.4728700 0.9782900 0.9982500 0.6535300 0.0074141 0.0100040 0.0678900 0.1420000 0.0197650 0.0049910 0.0009670 1.4857000
0.6887800 1.4399000 0.3298600 0.9831800 1.0000000 0.7847000 0.0070802 0.0091235 0.0836750 0.1724300 0.0288720 0.0087860 0.0010143 1.5313000
0.7217400 1.5301000 0.3570700 0.9799400 0.9964900 0.7862200 0.0135450 0.0333900 0.0406770 0.1143500 0.0129080 0.0038198 0.0003609 0.9892600
0.7306700 1.5145000 0.3492100 0.9868600 1.0000000 0.8111900 0.0176930 0.0569750 0.0814850 0.1684100 0.0275800 0.0081927 0.0008476 1.5520000
0.6511900 1.4026000 0.3038700 0.9799000 1.0000000 0.8008100 0.0082573 0.0124090 0.1056700 0.1850000 0.0330930 0.0087245 0.0013911 1.9632000
0.7199900 1.5690000 0.3708900 0.9759900 0.9982500 0.7714500 0.0139750 0.0355460 0.1199700 0.1928600 0.0358630 0.0086099 0.0018370 2.1311000
0.9957100 10.3520000 0.9060900 0.9065200 0.9789500 0.1673200 0.0257870 0.1210300 0.0235230 0.0894550 0.0079387 0.0028882 0.0000693 0.7377400
0.9956900 9.9653000 0.9057800 0.9151500 0.9807000 0.1711300 0.0238960 0.1039200 0.0203810 0.0825960 0.0067759 0.0024074 0.0000505 0.6726400
0.9967000 11.3610000 0.9140000 0.9181500 0.9368400 0.1443500 0.0199760 0.0726290 0.0206670 0.0855140 0.0072595 0.0028469 0.0000465 0.6792500
0.9984100 16.8320000 0.9411600 0.8553100 0.9000000 0.0945370 0.0358450 0.2338400 0.0123410 0.0666820 0.0044268 0.0017052 0.0000177 0.4182800
0.9979900 15.0680000 0.9366700 0.8807000 0.9578900 0.1213200 0.0321640 0.1882800 0.0116860 0.0548270 0.0029970 0.0008636 0.0000438 0.5057600
0.9951200 10.3770000 0.9056400 0.9213500 0.9982500 0.1794100 0.0166470 0.0504330 0.0204000 0.0716620 0.0051092 0.0012661 0.0001702 0.7151400
0.9950500 10.7360000 0.9085100 0.9258600 0.9964900 0.1823600 0.0285710 0.1485600 0.0177610 0.0696100 0.0048222 0.0013129 0.0001311 0.5921800
0.9951800 10.4210000 0.9038500 0.9655100 0.9894700 0.2005100 0.0077228 0.0108550 0.0212580 0.0803850 0.0064203 0.0019168 0.0000956 0.6640500
0.9953000 10.6300000 0.9059800 0.8886600 0.9578900 0.1596700 0.0256360 0.1196100 0.0147820 0.0654160 0.0042611 0.0012831 0.0000644 0.5217800
0.9951500 10.0070000 0.9032800 0.9159400 0.9771900 0.1624400 0.0331290 0.1997500 0.0172580 0.0706460 0.0049660 0.0014641 0.0000716 0.5994600
0.9987100 19.0380000 0.9483400 0.8510000 0.9070200 0.0861830 0.0730480 0.9711700 0.0078165 0.0480890 0.0023072 0.0007533 0.0000129 0.3402900
0.9109000 2.5488000 0.6106000 0.9738800 0.9982500 0.5581800 0.0197200 0.0707750 0.1013200 0.1702200 0.0281580 0.0074614 0.0010974 2.3847000
0.9039100 2.4580000 0.5977000 0.9861000 1.0000000 0.6142900 0.0067013 0.0081731 0.0890200 0.1670600 0.0271510 0.0072190 0.0009659 1.8937000
0.9075500 2.5820000 0.6239400 0.9683700 0.9982500 0.5567400 0.0317140 0.1830500 0.0793870 0.1621300 0.0256130 0.0074124 0.0006988 1.6951000
0.9170800 2.6498000 0.6291900 0.9849300 1.0000000 0.5792600 0.0068053 0.0084289 0.0821870 0.1687700 0.0276930 0.0085027 0.0006400 1.7157000
0.9166000 2.6711000 0.6333000 0.9822800 1.0000000 0.5161900 0.0174650 0.0555140 0.1036800 0.1810000 0.0317210 0.0081985 0.0014211 1.9730000
0.8942000 2.4203000 0.5932300 0.9840700 1.0000000 0.6079400 0.0174300 0.0552940 0.1010200 0.1874800 0.0339570 0.0098155 0.0011793 1.8275000
0.9384700 3.0198000 0.6731200 0.9873300 1.0000000 0.5323400 0.0076393 0.0106210 0.0762900 0.1801700 0.0314400 0.0119320 0.0007225 1.2434000
0.8951800 2.3875000 0.5810000 0.9879600 1.0000000 0.6383300 0.0077926 0.0110520 0.0730400 0.1591000 0.0246880 0.0073807 0.0008414 1.4080000
0.9170700 2.6504000 0.6335900 0.9600200 0.9929800 0.5397200 0.0120620 0.0264810 0.1012100 0.1843300 0.0328610 0.0089657 0.0014149 1.7979000
0.9253500 2.8030000 0.6513300 0.9760000 1.0000000 0.4841300 0.0154350 0.0433600 0.0989460 0.1833800 0.0325330 0.0091801 0.0013297 1.8033000
0.9186100 2.8114000 0.6470700 0.9484300 0.9561400 0.5118600 0.0450370 0.3691500 0.0413450 0.1329700 0.0173740 0.0070233 0.0001892 0.8318300
0.3909300 1.1025000 0.7335100 0.7202200 0.6947400 0.1795400 0.0760720 1.0532000 0.0592130 0.1574700 0.0241970 0.0095408 0.0002473 1.2042000
0.4712400 1.1349000 0.8115900 0.6591500 0.4736800 0.0939820 0.0964920 1.6945000 0.0986180 0.2106200 0.0424780 0.0168480 0.0005810 1.5913000
0.3687000 1.0456000 0.7712400 0.7441300 0.7736800 0.2227800 0.0751870 1.0289000 0.0744880 0.1799300 0.0313590 0.0124140 0.0003469 1.3541000
0.1498600 1.0558000 0.7773300 0.7345400 0.6631600 0.1688000 0.0804100 1.1768000 0.1039500 0.1806000 0.0315850 0.0080165 0.0014315 1.9975000
0.6806900 1.1866000 0.7874500 0.7349600 0.6000000 0.1402900 0.0724470 0.9552400 0.0927700 0.1845100 0.0329230 0.0108520 0.0005938 1.8568000
0.3752200 1.1417000 0.8172500 0.6851100 0.5877200 0.1252300 0.0918600 1.5358000 0.1148800 0.2086100 0.0417030 0.0133440 0.0008203 2.0281000
0.2806400 1.0849000 0.7531900 0.7215200 0.7140400 0.1368600 0.0789960 1.1358000 0.1412200 0.2183000 0.0454880 0.0120020 0.0015154 2.4059000
0.3534400 1.0329000 0.7814700 0.7073700 0.6157900 0.1350300 0.0897630 1.4664000 0.0976630 0.2070300 0.0411010 0.0161230 0.0004529 1.6935000
0.5998800 1.1427000 0.7153200 0.6610100 0.4754400 0.1574700 0.1133700 2.3394000 0.0503890 0.1358500 0.0181210 0.0061900 0.0002645 1.1526000
0.4719500 1.0901000 0.8540900 0.5359800 0.3964900 0.0783760 0.1322700 3.1840000 0.0820070 0.1878200 0.0340740 0.0134870 0.0003286 1.5623000
