    101  1    195   1.9
    102  1    196   1.9
    103  1    192   1.9
    104  1    208   2.0
    105  1    180   1.8
    1    1    213   2.1
    2    1    216   2.1
    3    1    194   1.9
    4    1    198   1.9
    5    1    209   2.0
    6    1    238   2.3
    7    1    236   2.3
    8    1    307   3.0
    9    1    341   3.4
    10   1    305   3.0
    11   1    316   3.1
    12   1    335   3.3
    13   1    340   3.4
    14   1    435   4.3
    15   1    403   4.0
    16   1    499   4.9
    17   1    422   4.2
    18   1    487   4.8
    19   1    483   4.8
    20   1    218   2.1
    101  2    192   1.9
    102  2    222   2.2
    103  2    221   2.2
    104  2    218   2.1
    105  2    219   2.1
    21   2    227   2.2
    22   2    422   4.2
    23   2    429   4.2
    24   2    448   4.4
    25   2    463   4.6
    26   2    461   4.6
    27   2    134   1.3
    28   2    178   1.7
    29   2    188   1.8
    30   2    285   2.8
    31   2    294   2.9
    32   2    295   2.9
    33   2    707   7.0
    34   2    803   8.0
    35   2    828   8.2
    36   2    714   7.1
    37   2    848   8.4
    38   2    808   8.0
    39   2    141   1.8
    40   2    153   2.0
    101  3    168   2.9
    102  3    270   2.0
    103  3    146   2.8
    104  3    250   3.2
    105  3    244   3.3
    41   3    134   3.5
    42   3    142   4.6
    43   3    253   3.2
    44   3    261   3.3
    45   3    234   4.8
    46   3    342   8.2
    47   3    359   8.7
    48   3    349   8.2
    49   3    359   7.0
    50   3    369   9.3
    51   3    330   7.1
    52   3    448   2.1
    53   3    465   1.6
    54   3    431   1.6
    55   3    449   2.0
    56   3    459   2.2
    57   3    440   2.7
    58   3    243   5.7
    59   3    163   6.6
    60   3    250   6.6
    101  4    244   5.8
    102  4    210   5.0
    103  4    231   7.3
    104  4    246   1.3
    105  4    440   1.4
    61   4    444   1.3
    62   4    454   1.0
    63   4    462   1.9
    64   4    464   1.2
    65   4    141   1.8
    66   4    154   1.8
    67   4    172   1.1
    68   4    269   2.9
    69   4    249   2.2
    70   4    259   1.2
    71   4    759   7.1
    72   4    840   8.1
    73   4    838   8.2
    74   4    741   6.2
    75   4    845   7.2
    76   4    806   7.4
    77   4    569   5.6
    78   4    460   4.6
    79   4    433   4.3
    80   4    373   3.7
    101  5    480   4.8
    102  5    384   3.8
    103  5    490   4.9
    104  5    191   1.9
    105  5    406   4.0
    81   5    500   5.0
    82   5    424   4.2
    83   5    314   3.1
    84   5    842   8.4
    85   5    703   7.0
    86   5    881   8.8
    87   5    804   8.0
    88   5    912   9.1
    89   5    929   9.2
    90   5    739   7.3
    91   5    749   7.4
    92   5    629   6.2
    93   5    630   6.3
    94   5    848   8.4
    95   5    721   7.2
    96   5    931   9.3
    97   5    849   8.4
    98   5    988   9.8
    99   5    880   8.8
    100  5    893   8.9
