1 1 218.3 369 595 8.15 603.15 587.3 813.3 226.45 821.45 964 377.15 972.15 603.15 1198.15 611.3
1 2 200.6 387 562.9 8.61 571.51 587.6 763.5 209.21 772.11 949.9 395.61 958.51 571.51 1134.41 580.12
1 3 297.4 379 580.5 7.74 588.24 676.4 877.9 305.14 885.64 959.5 386.74 967.24 588.24 1168.74 595.98
2 1 243.6 580 666.5 7.19 673.69 823.6 910.1 250.79 917.29 1246.5 587.19 1253.69 673.69 1340.19 680.88
2 2 150.4 463 577.9 7.52 585.42 613.4 728.3 157.92 735.82 1040.9 470.52 1048.42 585.42 1163.32 592.94
2 3 187 471 634.1 8.94 643.04 658 821.1 195.94 830.04 1105.1 479.94 1114.04 643.04 1277.14 651.98
3 1 177.7 371 659.1 7.99 667.09 548.7 836.8 185.69 844.79 1030.1 378.99 1038.09 667.09 1326.19 675.08
3 2 196.1 291 758.4 8.56 766.96 487.1 954.5 204.66 963.06 1049.4 299.56 1057.96 766.96 1525.36 775.52
3 3 213.6 325 597.8 8.8 606.6 538.6 811.4 222.4 820.2 922.8 333.8 931.6 606.6 1204.4 615.4
4 1 204.8 392 620.3 7.61 627.91 596.8 825.1 212.41 832.71 1012.3 399.61 1019.91 627.91 1248.21 635.52
4 2 220.2 375 534.7 7.72 542.42 595.2 754.9 227.92 762.62 909.7 382.72 917.42 542.42 1077.12 550.14
4 3 216.9 374 625 7.6 632.6 590.9 841.9 224.5 849.5 999 381.6 1006.6 632.6 1257.6 640.2
5 1 131.9 387 480.5 7.94 488.44 518.9 612.4 139.84 620.34 867.5 394.94 875.44 488.44 968.94 496.38
5 2 155.1 463 580.1 8.4 588.5 618.1 735.2 163.5 743.6 1043.1 471.4 1051.5 588.5 1168.6 596.9
5 3 109.1 324 491.4 8.49 499.89 433.1 600.5 117.59 608.99 815.4 332.49 823.89 499.89 991.29 508.38
6 1 239.6 417 618.2 6.21 624.41 656.6 857.8 245.81 864.01 1035.2 423.21 1041.41 624.41 1242.61 630.62
6 2 120.1 340 629.5 6.59 636.09 460.1 749.6 126.69 756.19 969.5 346.59 976.09 636.09 1265.59 642.68
6 3 270.5 322 592 6.11 598.11 592.5 862.5 276.61 868.61 914 328.11 920.11 598.11 1190.11 604.22
7 1 201.8 417 606 7.02 613.02 618.8 807.8 208.82 814.82 1023 424.02 1030.02 613.02 1219.02 620.04
7 2 220.3 481 516.4 7.33 523.73 701.3 736.7 227.63 744.03 997.4 488.33 1004.73 523.73 1040.13 531.06
7 3 278.6 596 674.1 8.03 682.13 874.6 952.7 286.63 960.73 1270.1 604.03 1278.13 682.13 1356.23 690.16
8 1 117.6 500 501.5 7.89 509.39 617.6 619.1 125.49 626.99 1001.5 507.89 1009.39 509.39 1010.89 517.28
8 2 102.3 546 595.3 8.16 603.46 648.3 697.6 110.46 705.76 1141.3 554.16 1149.46 603.46 1198.76 611.62
8 3 154 485 585.2 8.56 593.76 639 739.2 162.56 747.76 1070.2 493.56 1078.76 593.76 1178.96 602.32
9 1 303.2 366 556.5 8.04 564.54 669.2 859.7 311.24 867.74 922.5 374.04 930.54 564.54 1121.04 572.58
9 2 250.4 396 586.8 8.15 594.95 646.4 837.2 258.55 845.35 982.8 404.15 990.95 594.95 1181.75 603.1
9 3 215.9 431 559.4 9.61 569.01 646.9 775.3 225.51 784.91 990.4 440.61 1000.01 569.01 1128.41 578.62
10 1 231.6 357 512.5 8.96 521.46 588.6 744.1 240.56 753.06 869.5 365.96 878.46 521.46 1033.96 530.42
10 2 207.5 422 622.2 8.16 630.36 629.5 829.7 215.66 837.86 1044.2 430.16 1052.36 630.36 1252.56 638.52
10 3 243.5 508 626 9.48 635.48 751.5 869.5 252.98 878.98 1134 517.48 1143.48 635.48 1261.48 644.96
11 1 133.4 248 698.2 8.16 706.36 381.4 831.6 141.56 839.76 946.2 256.16 954.36 706.36 1404.56 714.52
11 2 161.9 445 634 8.75 642.75 606.9 795.9 170.65 804.65 1079 453.75 1087.75 642.75 1276.75 651.5
11 3 173 323 631.9 8.52 640.42 496 804.9 181.52 813.42 954.9 331.52 963.42 640.42 1272.32 648.94
12 1 254.7 366 553.9 7.85 561.75 620.7 808.6 262.55 816.45 919.9 373.85 927.75 561.75 1115.65 569.6
12 2 249.3 489 586.7 7.4 594.1 738.3 836 256.7 843.4 1075.7 496.4 1083.1 594.1 1180.8 601.5
12 3 189.7 517 492.6 8.66 501.26 706.7 682.3 198.36 690.96 1009.6 525.66 1018.26 501.26 993.86 509.92
13 1 129.4 455 594.7 8.16 602.86 584.4 724.1 137.56 732.26 1049.7 463.16 1057.86 602.86 1197.56 611.02
13 2 167.7 413 603.6 8.36 611.96 580.7 771.3 176.06 779.66 1016.6 421.36 1024.96 611.96 1215.56 620.32
13 3 137.7 354 712.6 9.1 721.7 491.7 850.3 146.8 859.4 1066.6 363.1 1075.7 721.7 1434.3 730.8
14 1 189.5 349 575.1 7.13 582.23 538.5 764.6 196.63 771.73 924.1 356.13 931.23 582.23 1157.33 589.36
14 2 176.3 463 532.7 7.26 539.96 639.3 709 183.56 716.26 995.7 470.26 1002.96 539.96 1072.66 547.22
14 3 194 427 527.2 7.35 534.55 621 721.2 201.35 728.55 954.2 434.35 961.55 534.55 1061.75 541.9
15 1 153.5 548 662.6 7.22 669.82 701.5 816.1 160.72 823.32 1210.6 555.22 1217.82 669.82 1332.42 677.04
15 2 149.7 432 565.7 7.81 573.51 581.7 715.4 157.51 723.21 997.7 439.81 1005.51 573.51 1139.21 581.32
15 3 221.9 626 624.5 7.02 631.52 847.9 846.4 228.92 853.42 1250.5 633.02 1257.52 631.52 1256.02 638.54
16 1 188.5 389 640.4 8.36 648.76 577.5 828.9 196.86 837.26 1029.4 397.36 1037.76 648.76 1289.16 657.12
16 2 200 432 626.4 8.69 635.09 632 826.4 208.69 835.09 1058.4 440.69 1067.09 635.09 1261.49 643.78
16 3 189.4 400 578 8.53 586.53 589.4 767.4 197.93 775.93 978 408.53 986.53 586.53 1164.53 595.06
17 1 102.7 469 514.2 8.27 522.47 571.7 616.9 110.97 625.17 983.2 477.27 991.47 522.47 1036.67 530.74
17 2 140.5 314 648 7.46 655.46 454.5 788.5 147.96 795.96 962 321.46 969.46 655.46 1303.46 662.92
17 3 106.5 359 509 8.1 517.1 465.5 615.5 114.6 623.6 868 367.1 876.1 517.1 1026.1 525.2
18 1 190.9 436 656 7.11 663.11 626.9 846.9 198.01 854.01 1092 443.11 1099.11 663.11 1319.11 670.22
18 2 212.1 397 581.6 7.23 588.83 609.1 793.7 219.33 800.93 978.6 404.23 985.83 588.83 1170.43 596.06
18 3 173.4 485 609.6 7.52 617.12 658.4 783 180.92 790.52 1094.6 492.52 1102.12 617.12 1226.72 624.64
19 1 207.1 476 441.7 8.3 450 683.1 648.8 215.4 657.1 917.7 484.3 926 450 891.7 458.3
19 2 265.7 354 440.1 8.74 448.84 619.7 705.8 274.44 714.54 794.1 362.74 802.84 448.84 888.94 457.58
19 3 197 328 442.1 8.88 450.98 525 639.1 205.88 647.98 770.1 336.88 778.98 450.98 893.08 459.86
20 1 212.3 505 665.3 7.83 673.13 717.3 877.6 220.13 885.43 1170.3 512.83 1178.13 673.13 1338.43 680.96
20 2 189.8 334 568.3 6.81 575.11 523.8 758.1 196.61 764.91 902.3 340.81 909.11 575.11 1143.41 581.92
20 3 222.1 456 627.5 7.66 635.16 678.1 849.6 229.76 857.26 1083.5 463.66 1091.16 635.16 1262.66 642.82
21 1 175 299 692.9 7.72 700.62 474 867.9 182.72 875.62 991.9 306.72 999.62 700.62 1393.52 708.34
21 2 249.1 326 560.9 8.4 569.3 575.1 810 257.5 818.4 886.9 334.4 895.3 569.3 1130.2 577.7
21 3 302.4 436 589.5 7.63 597.13 738.4 891.9 310.03 899.53 1025.5 443.63 1033.13 597.13 1186.63 604.76
22 1 125.3 457 511.3 8.82 520.12 582.3 636.6 134.12 645.42 968.3 465.82 977.12 520.12 1031.42 528.94
22 2 215 473 495.8 8.31 504.11 688 710.8 223.31 719.11 968.8 481.31 977.11 504.11 999.91 512.42
22 3 113.1 517 548 8.28 556.28 630.1 661.1 121.38 669.38 1065 525.28 1073.28 556.28 1104.28 564.56
23 1 163.6 554 615.4 6.65 622.05 717.6 779 170.25 785.65 1169.4 560.65 1176.05 622.05 1237.45 628.7
23 2 185.4 629 643.3 7.32 650.62 814.4 828.7 192.72 836.02 1272.3 636.32 1279.62 650.62 1293.92 657.94
23 3 114.1 501 570.1 7.29 577.39 615.1 684.2 121.39 691.49 1071.1 508.29 1078.39 577.39 1147.49 584.68
24 1 208.2 279 511.6 7.55 519.15 487.2 719.8 215.75 727.35 790.6 286.55 798.15 519.15 1030.75 526.7
24 2 208.9 358 408.2 7.12 415.32 566.9 617.1 216.02 624.22 766.2 365.12 773.32 415.32 823.52 422.44
24 3 261.9 243 497 7.79 504.79 504.9 758.9 269.69 766.69 740 250.79 747.79 504.79 1001.79 512.58
25 1 246.9 389 610 7.71 617.71 635.9 856.9 254.61 864.61 999 396.71 1006.71 617.71 1227.71 625.42
25 2 225.9 329 475.1 7.3 482.4 554.9 701 233.2 708.3 804.1 336.3 811.4 482.4 957.5 489.7
25 3 185.9 306 638.9 8.3 647.2 491.9 824.8 194.2 833.1 944.9 314.3 953.2 647.2 1286.1 655.5
26 1 204.7 361 568.3 8.13 576.43 565.7 773 212.83 781.13 929.3 369.13 937.43 576.43 1144.73 584.56
26 2 196.1 369 633 9.03 642.03 565.1 829.1 205.13 838.13 1002 378.03 1011.03 642.03 1275.03 651.06
26 3 177.4 338 645.2 8.76 653.96 515.4 822.6 186.16 831.36 983.2 346.76 991.96 653.96 1299.16 662.72
27 1 260.3 430 648.6 7.89 656.49 690.3 908.9 268.19 916.79 1078.6 437.89 1086.49 656.49 1305.09 664.38
27 2 219.8 541 608.9 7.53 616.43 760.8 828.7 227.33 836.23 1149.9 548.53 1157.43 616.43 1225.33 623.96
27 3 175.5 485 643.4 7.9 651.3 660.5 818.9 183.4 826.8 1128.4 492.9 1136.3 651.3 1294.7 659.2
28 1 212 314 569.8 8.28 578.08 526 781.8 220.28 790.08 883.8 322.28 892.08 578.08 1147.88 586.36
28 2 135.7 387 569.5 7.68 577.18 522.7 705.2 143.38 712.88 956.5 394.68 964.18 577.18 1146.68 584.86
28 3 158.5 415 673.4 8.71 682.11 573.5 831.9 167.21 840.61 1088.4 423.71 1097.11 682.11 1355.51 690.82
29 1 202.4 417 594.9 9.62 604.52 619.4 797.3 212.02 806.92 1011.9 426.62 1021.52 604.52 1199.42 614.14
29 2 239.8 436 570.8 10.42 581.22 675.8 810.6 250.22 821.02 1006.8 446.42 1017.22 581.22 1152.02 591.64
29 3 267.3 412 646.4 10.1 656.5 679.3 913.7 277.4 923.8 1058.4 422.1 1068.5 656.5 1302.9 666.6
30 1 285.9 431 641.5 9.06 650.56 716.9 927.4 294.96 936.46 1072.5 440.06 1081.56 650.56 1292.06 659.62
30 2 134.5 417 693.7 8.57 702.27 551.5 828.2 143.07 836.77 1110.7 425.57 1119.27 702.27 1395.97 710.84
30 3 207.5 390 770.7 8.75 779.45 597.5 978.2 216.25 986.95 1160.7 398.75 1169.45 779.45 1550.15 788.2
