1 1 1 55
1 2 1 124
1 3 1 42
1 4 1 99
1 5 1 201
1 6 1 109
1 7 1 138
1 8 1 37
1 9 1 126
1 10 1 104
1 1 2 96
1 2 2 230
1 3 2 134
1 4 2 75
1 5 2 131
1 6 2 131
1 7 2 62
1 8 2 70
1 9 2 106
1 10 2 136
1 1 3 212
1 2 3 108
1 3 3 229
1 4 3 175
1 5 3 33
1 6 3 124
1 7 3 27
1 8 3 38
1 9 3 210
1 10 3 140
1 1 4 289
1 2 4 111
1 3 4 246
1 4 4 64
1 5 4 236
1 6 4 256
1 7 4 132
1 8 4 157
1 9 4 61
1 10 4 137
1 1 5 140
1 2 5 46
1 3 5 166
1 4 5 106
1 5 5 195
1 6 5 110
1 7 5 138
1 8 5 84
1 9 5 190
1 10 5 111
1 1 6 142
1 2 6 111
1 3 6 175
1 4 6 192
1 5 6 273
1 6 6 94
1 7 6 100
1 8 6 142
1 9 6 86
1 10 6 358
2 1 1 218
2 2 1 146
2 3 1 181
2 4 1 388
2 5 1 124
2 6 1 223
2 7 1 214
2 8 1 181
2 9 1 126
2 10 1 48
2 1 2 162
2 2 2 138
2 3 2 262
2 4 2 207
2 5 2 225
2 6 2 108
2 7 2 290
2 8 2 48
2 9 2 98
2 10 2 62
2 1 3 106
2 2 3 194
2 3 3 150
2 4 3 339
2 5 3 206
2 6 3 69
2 7 3 60
2 8 3 194
2 9 3 41
2 10 3 68
2 1 4 124
2 2 4 236
2 3 4 290
2 4 4 256
2 5 4 147
2 6 4 59
2 7 4 175
2 8 4 134
2 9 4 29
2 10 4 68
2 1 5 119
2 2 5 214
2 3 5 112
2 4 5 124
2 5 5 281
2 6 5 129
2 7 5 106
2 8 5 108
2 9 5 274
2 10 5 20
2 1 6 155
2 2 6 116
2 3 6 133
2 4 6 282
2 5 6 90
2 6 6 54
2 7 6 80
2 8 6 91
2 9 6 54
2 10 6 157
3 1 1 105
3 2 1 218
3 3 1 239
3 4 1 320
3 5 1 155
3 6 1 119
3 7 1 131
3 8 1 81
3 9 1 168
3 10 1 67
3 1 2 38
3 2 2 207
3 3 2 195
3 4 2 356
3 5 2 368
3 6 2 92
3 7 2 34
3 8 2 250
3 9 2 210
3 10 2 134
3 1 3 124
3 2 3 63
3 3 3 195
3 4 3 77
3 5 3 285
3 6 3 218
3 7 3 166
3 8 3 91
3 9 3 256
3 10 3 157
3 1 4 119
3 2 4 146
3 3 4 146
3 4 4 367
3 5 4 210
3 6 4 106
3 7 4 51
3 8 4 295
3 9 4 90
3 10 4 108
3 1 5 59
3 2 5 212
3 3 5 169
3 4 5 273
3 5 5 142
3 6 5 70
3 7 5 49
3 8 5 175
3 9 5 106
3 10 5 33
3 1 6 58
3 2 6 192
3 3 6 117
3 4 6 160
3 5 6 111
3 6 6 257
3 7 6 24
3 8 6 30
3 9 6 142
3 10 6 194
