1 1 1 4.5
1 1 2 9.6
1 1 3 2.6
1 1 4 19
1 1 5 8.3
1 2 1 5
1 2 2 10.7
1 2 3 6.3
1 2 4 5.2
1 2 5 5.1
1 3 1 6.4
1 3 2 6.5
1 3 3 17.3
1 3 4 4.4
1 3 5 6.2
1 4 1 3.3
1 4 2 6.6
1 4 3 4.2
1 4 4 2.1
1 4 5 3.2
1 5 1 0.9
1 5 2 4
1 5 3 2.2
1 5 4 10.1
1 5 5 1.9
1 6 1 1.4
1 6 2 2.1
1 6 3 5.9
1 6 4 4.7
1 6 5 5.1
1 7 1 4.3
1 7 2 5.8
1 7 3 2.6
1 7 4 1.4
1 7 5 7.3
1 8 1 7.4
1 8 2 8.4
1 8 3 8.3
1 8 4 2.6
1 8 5 6.7
1 9 1 4.9
1 9 2 1.1
1 9 3 1.1
1 9 4 6.6
1 9 5 6
1 10 1 1.6
1 10 2 14.8
1 10 3 0.2
1 10 4 4.1
1 10 5 6.3
1 11 1 0.6
1 11 2 4
1 11 3 6.4
1 11 4 8.4
1 11 5 -9
1 12 1 6.8
1 12 2 8
1 12 3 6.5
1 12 4 3.6
1 12 5 2
1 13 1 8
1 13 2 24.4
1 13 3 12.2
1 13 4 3
1 13 5 4.2
1 14 1 9.6
1 14 2 8.4
1 14 3 10.7
1 14 4 12.6
1 14 5 3.8
1 15 1 2.5
1 15 2 1.9
1 15 3 6.2
1 15 4 3.2
1 15 5 4.1
1 16 1 3.6
1 16 2 3.5
1 16 3 7.8
1 16 4 3.1
1 16 5 3.5
1 17 1 2.2
1 17 2 8
1 17 3 10.8
1 17 4 11.6
1 17 5 6.9
1 18 1 12.8
1 18 2 3.9
1 18 3 8.3
1 18 4 2.9
1 18 5 1.3
1 19 1 2.5
1 19 2 18.4
1 19 3 17.5
1 19 4 15.6
1 19 5 6.8
1 20 1 2.8
1 20 2 2.6
1 20 3 4.5
1 20 4 1.7
1 20 5 3.4
1 21 1 3.4
1 21 2 2
1 21 3 3.1
1 21 4 4.7
1 21 5 2.8
1 22 1 4.4
1 22 2 3.9
1 22 3 1.8
1 22 4 3.4
1 22 5 4.4
1 23 1 3.9
1 23 2 6.5
1 23 3 4.4
1 23 4 3.7
1 23 5 5.3
1 24 1 19.1
1 24 2 0.3
1 24 3 4.2
1 24 4 3.2
1 24 5 8.3
2 1 1 6.6
2 1 2 5.1
2 1 3 4.2
2 1 4 5.5
2 1 5 7.7
2 2 1 3.4
2 2 2 7.4
2 2 3 11.4
2 2 4 13.4
2 2 5 9.7
2 3 1 5.8
2 3 2 4.8
2 3 3 6.5
2 3 4 7.7
2 3 5 -9
2 4 1 1.8
2 4 2 4.7
2 4 3 5.7
2 4 4 5
2 4 5 3.1
2 5 1 2.8
2 5 2 6.6
2 5 3 9.7
2 5 4 3.3
2 5 5 6.3
2 6 1 7.4
2 6 2 6.3
2 6 3 3.2
2 6 4 4.8
2 6 5 4.5
2 7 1 5.7
2 7 2 21.6
2 7 3 6.1
2 7 4 6.8
2 7 5 -9
2 8 1 4.8
2 8 2 9.5
2 8 3 5.5
2 8 4 4.6
2 8 5 13.3
2 9 1 5.5
2 9 2 3.2
2 9 3 7.8
2 9 4 7
2 9 5 6.1
2 10 1 3.3
2 10 2 5.3
2 10 3 6
2 10 4 3.4
2 10 5 6.5
2 11 1 5.1
2 11 2 1.4
2 11 3 3.8
2 11 4 1
2 11 5 2.8
2 12 1 3.3
2 12 2 2.4
2 12 3 9.5
2 12 4 2.2
2 12 5 5.9
2 13 1 12.3
2 13 2 8.9
2 13 3 6.3
2 13 4 17.3
2 13 5 7.6
2 14 1 2.2
2 14 2 3.7
2 14 3 3.2
2 14 4 1.5
2 14 5 2.5
2 15 1 2.4
2 15 2 10.5
2 15 3 4.1
2 15 4 2
2 15 5 3.5
2 16 1 3.4
2 16 2 5.9
2 16 3 3.2
2 16 4 12.4
2 16 5 3.5
2 17 1 5.7
2 17 2 2.7
2 17 3 5
2 17 4 7.9
2 17 5 1.9
2 18 1 6.6
2 18 2 4.5
2 18 3 10.9
2 18 4 6.8
2 18 5 4.8
2 19 1 3.5
2 19 2 5.9
2 19 3 9.4
2 19 4 5.2
2 19 5 6.9
2 20 1 3
2 20 2 7.6
2 20 3 3.3
2 20 4 6
2 20 5 8
2 21 1 3.2
2 21 2 9
2 21 3 10
2 21 4 3.3
2 21 5 5
2 22 1 11
2 22 2 8.3
2 22 3 4.8
2 22 4 4.7
2 22 5 1.3
2 23 1 9.1
2 23 2 15.1
2 23 3 11.2
2 23 4 6.5
2 23 5 2.2
2 24 1 4.7
2 24 2 4.5
2 24 3 2.7
2 24 4 1.6
2 24 5 3.5
