5.68
10.99
7.71
0.71
0.95
12.4
21.2
7.71
6.69
11.54
2.95
3.83
1.33
18.77
25.69
10.6
10.63
17.96
15.43
9.9
1.42
33.86
11.11
2.77
17.49
6.21
20.25
5.11
2.6
5.47
12.07
4.18
7.07
2.03
4.06
3.76
0.53
16.74
5.14
7.77
3.55
5.63
3.27
6.45
13.18
3.36
19.72
7.98
5.49
15.27
38.15
18.64
10.25
29.76
3.1
5.32
13.57
45.6
9.39
21.59
11.52
12.98
19.2
3.38
6.43
2.93
21.17
3.48
9.72
4.34
17.2
23.18
16.95
18.73
11.92
13.35
7.15
14.74
3.11
4.72
15.58
24.22
9.29
3.93
12.72
3.96
19.61
24.77
4.37
15.78
5.74
4.26
1.35
6.79
6.22
32.6
11.96
8.25
2.76
24.51