1 1 1 10.2
1 1 2 13.6
1 1 3 9.5
1 1 4 7.3
1 1 5 21.7
1 1 6 15.2
1 1 7 5
1 1 8 26.8
1 1 9 14.7
1 1 10 10.3
1 1 11 26.6
1 1 12 24.2
1 1 13 11.9
1 1 14 14.7
1 1 15 12.6
1 2 1 6.4
1 2 2 22.9
1 2 3 13.8
1 2 4 13.3
1 2 5 9.6
1 2 6 12.4
1 2 7 7.8
1 2 8 19.6
1 2 9 4.8
1 2 10 6.3
1 2 11 6.9
1 2 12 12.1
1 2 13 6.2
1 2 14 3.2
1 2 15 2.9
1 3 1 7.04
1 3 2 12.9
1 3 3 7.6
1 3 4 5.8
1 3 5 7.4
1 3 6 9.3
1 3 7 8.9
1 3 8 5.1
1 3 9 2.5
1 3 10 6.4
1 3 11 8.9
1 3 12 5.2
1 3 13 10.7
1 3 14 4.7
1 3 15 11.2
1 4 1 16.6
1 4 2 9.7
1 4 3 13.4
1 4 4 7.9
1 4 5 11
1 4 6 13.7
1 4 7 14.1
1 4 8 18
1 4 9 21
1 4 10 12.1
1 4 11 8.7
1 4 12 14.9
1 4 13 23.9
1 4 14 7.5
1 4 15 14.4
1 5 1 16.4
1 5 2 6.2
1 5 3 21.8
1 5 4 7
1 5 5 7.5
1 5 6 12.2
1 5 7 14
1 5 8 11.2
1 5 9 6.8
1 5 10 5.8
1 5 11 15.9
1 5 12 21.6
1 5 13 4.7
1 5 14 2.9
1 5 15 11.9
1 6 1 5.2
1 6 2 5.4
1 6 3 21.5
1 6 4 7.8
1 6 5 4.5
1 6 6 6.3
1 6 7 10.4
1 6 8 14.3
1 6 9 7.8
1 6 10 4.6
1 6 11 5.9
1 6 12 5.2
1 6 13 3.3
1 6 14 12.6
1 6 15 6.8
1 7 1 8.1
1 7 2 11.8
1 7 3 5.8
1 7 4 18.9
1 7 5 12.9
1 7 6 16.1
1 7 7 16
1 7 8 10.9
1 7 9 4.3
1 7 10 20.8
1 7 11 13
1 7 12 10.8
1 7 13 20.6
1 7 14 17.6
1 7 15 12.2
1 8 1 12.4
1 8 2 13
1 8 3 7.5
1 8 4 6.3
1 8 5 5.4
1 8 6 14.9
1 8 7 17
1 8 8 2.9
1 8 9 16.9
1 8 10 12.6
1 8 11 10.5
1 8 12 12
1 8 13 14.5
1 8 14 7.6
1 8 15 14
1 9 1 5.6
1 9 2 1.7
1 9 3 14.9
1 9 4 13.4
1 9 5 7.9
1 9 6 17.6
1 9 7 12.9
1 9 8 10.4
1 9 9 15.3
1 9 10 15.1
1 9 11 10.3
1 9 12 14.8
1 9 13 11.1
1 9 14 12.4
1 9 15 5.7
1 10 1 8.6
1 10 2 14.2
1 10 3 7.5
1 10 4 5.8
1 10 5 8.7
1 10 6 8.9
1 10 7 7.1
1 10 8 10.3
1 10 9 7.4
1 10 10 10.5
1 10 11 6.4
1 10 12 4.2
1 10 13 5.4
1 10 14 8.7
1 10 15 13.4
1 11 1 6.9
1 11 2 13
1 11 3 7.3
1 11 4 7.5
1 11 5 15.8
1 11 6 9.9
1 11 7 14.1
1 11 8 13.6
1 11 9 10
1 11 10 17
1 11 11 15.4
1 11 12 28
1 11 13 17.4
1 11 14 18.6
1 11 15 4.8
1 12 1 11.6
1 12 2 16
1 12 3 16.3
1 12 4 11.5
1 12 5 11.3
1 12 6 11.4
1 12 7 21.9
1 12 8 16
1 12 9 6.8
1 12 10 8.9
1 12 11 9.1
1 12 12 9.3
1 12 13 4
1 12 14 10.4
1 12 15 9.7
1 13 1 9.8
1 13 2 10
1 13 3 17.1
1 13 4 13.1
1 13 5 24
1 13 6 8.2
1 13 7 10.9
1 13 8 23.2
1 13 9 11.8
1 13 10 26.7
1 13 11 8.6
1 13 12 9.6
1 13 13 16.9
1 13 14 11.4
1 13 15 11.2
1 14 1 4.7
1 14 2 12.2
1 14 3 4.4
1 14 4 3.7
1 14 5 8
1 14 6 10.9
1 14 7 10.4
1 14 8 8.5
1 14 9 12.4
1 14 10 12.1
1 14 11 12.4
1 14 12 4.1
1 14 13 6.9
1 14 14 9.9
1 14 15 5.9
1 15 1 9.7
1 15 2 13.1
1 15 3 11.7
1 15 4 20.2
1 15 5 17.8
1 15 6 18.8
1 15 7 8.9
1 15 8 10.7
1 15 9 23
1 15 10 3.8
1 15 11 12.9
1 15 12 14.3
1 15 13 7.7
1 15 14 7.5
1 15 15 4.4
1 16 1 10.3
1 16 2 14.1
1 16 3 6.6
1 16 4 9.5
1 16 5 8.9
1 16 6 5.8
1 16 7 7.4
1 16 8 12.4
1 16 9 5.1
1 16 10 12.6
1 16 11 8.3
1 16 12 14
1 16 13 8.4
1 16 14 20.6
1 16 15 17.9
1 17 1 9.9
1 17 2 12.8
1 17 3 17.6
1 17 4 10.2
1 17 5 13.8
1 17 6 17.4
1 17 7 15.5
1 17 8 8.5
1 17 9 6.4
1 17 10 9.4
1 17 11 20.4
1 17 12 13.7
1 17 13 16.1
1 17 14 14.1
1 17 15 11.6
1 18 1 4.8
1 18 2 4.5
1 18 3 1.8
1 18 4 10.9
1 18 5 4.1
1 18 6 3.9
1 18 7 7.6
1 18 8 1.3
1 18 9 3.8
1 18 10 7.4
1 18 11 3.4
1 18 12 5.2
1 18 13 4.1
1 18 14 3.8
1 18 15 8.3
2 1 1 10.7
2 1 2 13.7
2 1 3 7.9
2 1 4 9.6
2 1 5 10.6
2 1 6 7.3
2 1 7 11.9
2 1 8 9.2
2 1 9 4.6
2 1 10 5.6
2 1 11 12.2
2 1 12 4.9
2 1 13 8.8
2 1 14 14.3
2 1 15 11.9
2 2 1 41.3
2 2 2 22.1
2 2 3 19.2
2 2 4 12.7
2 2 5 24.7
2 2 6 19.7
2 2 7 13.8
2 2 8 38.5
2 2 9 19.3
2 2 10 16
2 2 11 17.4
2 2 12 37
2 2 13 22.5
2 2 14 19.5
2 2 15 19.5
2 3 1 18.7
2 3 2 10.9
2 3 3 13.7
2 3 4 29.6
2 3 5 23.2
2 3 6 12.4
2 3 7 9.4
2 3 8 14.8
2 3 9 7.5
2 3 10 28.9
2 3 11 6.3
2 3 12 11.3
2 3 13 17.6
2 3 14 17.8
2 3 15 23.8
2 4 1 14
2 4 2 11.3
2 4 3 6.5
2 4 4 3.9
2 4 5 6.1
2 4 6 16.1
2 4 7 20.1
2 4 8 9.5
2 4 9 6.4
2 4 10 9.8
2 4 11 18
2 4 12 12.6
2 4 13 18.7
2 4 14 5.4
2 4 15 20.1
2 5 1 17.5
2 5 2 18.9
2 5 3 13
2 5 4 8.6
2 5 5 10.1
2 5 6 11.3
2 5 7 11.8
2 5 8 16.4
2 5 9 28.6
2 5 10 21.6
2 5 11 24.7
2 5 12 12.1
2 5 13 13.2
2 5 14 13
2 5 15 11.2
2 6 1 8.1
2 6 2 4.2
2 6 3 6.6
2 6 4 11.2
2 6 5 7.2
2 6 6 11.1
2 6 7 8.01
2 6 8 12.6
2 6 9 10.8
2 6 10 5.2
2 6 11 9.4
2 6 12 6.5
2 6 13 10.4
2 6 14 16.8
2 6 15 6.7
2 7 1 17.7
2 7 2 9.9
2 7 3 10.1
2 7 4 9.3
2 7 5 15.6
2 7 6 13.2
2 7 7 10.7
2 7 8 23
2 7 9 11.1
2 7 10 11.8
2 7 11 11.3
2 7 12 5.5
2 7 13 20.4
2 7 14 8.9
2 7 15 19.6
2 8 1 13.1
2 8 2 9.8
2 8 3 13
2 8 4 12.3
2 8 5 4.9
2 8 6 9.7
2 8 7 8.8
2 8 8 8.8
2 8 9 10.8
2 8 10 9.6
2 8 11 9.7
2 8 12 4.3
2 8 13 4.4
2 8 14 6.4
2 8 15 7.1
2 9 1 12.3
2 9 2 16.5
2 9 3 8.8
2 9 4 18.4
2 9 5 11.3
2 9 6 10.2
2 9 7 17.8
2 9 8 13.2
2 9 9 10.2
2 9 10 14.7
2 9 11 18.7
2 9 12 17.3
2 9 13 11.4
2 9 14 16.7
2 9 15 25.4
2 10 1 12.6
2 10 2 29.9
2 10 3 13.2
2 10 4 24.8
2 10 5 18.7
2 10 6 13.3
2 10 7 38.7
2 10 8 26.6
2 10 9 37.2
2 10 10 6.1
2 10 11 18.2
2 10 12 14.7
2 10 13 20.9
2 10 14 12.6
2 10 15 8.4
2 11 1 7.8
2 11 2 4.9
2 11 3 5.9
2 11 4 15.6
2 11 5 7.1
2 11 6 15.7
2 11 7 16.5
2 11 8 5.4
2 11 9 13.5
2 11 10 5.8
2 11 11 20.4
2 11 12 11
2 11 13 9.1
2 11 14 14.6
2 11 15 11.5
2 12 1 11
2 12 2 14.5
2 12 3 6.1
2 12 4 8.5
2 12 5 5.3
2 12 6 14.5
2 12 7 5.4
2 12 8 6.9
2 12 9 10.2
2 12 10 7.7
2 12 11 8.3
2 12 12 15.3
2 12 13 12.5
2 12 14 12.9
2 12 15 9.7
2 13 1 9.7
2 13 2 25.7
2 13 3 11.9
2 13 4 22
2 13 5 19.2
2 13 6 6.2
2 13 7 13
2 13 8 18.2
2 13 9 21.3
2 13 10 19.5
2 13 11 16.2
2 13 12 9.6
2 13 13 12.8
2 13 14 18.5
2 13 15 18.6
2 14 1 7.7
2 14 2 30.5
2 14 3 15.4
2 14 4 9.5
2 14 5 13.6
2 14 6 17
2 14 7 21.3
2 14 8 9.2
2 14 9 11.2
2 14 10 20.9
2 14 11 11.1
2 14 12 21.7
2 14 13 13.1
2 14 14 9.6
2 14 15 14.2
2 15 1 25.8
2 15 2 15.8
2 15 3 15.2
2 15 4 13.2
2 15 5 13.5
2 15 6 14.6
2 15 7 13
2 15 8 17.8
2 15 9 14.1
2 15 10 14.9
2 15 11 22.8
2 15 12 28.1
2 15 13 14.8
2 15 14 11.5
2 15 15 17.1
2 16 1 11.5
2 16 2 14.1
2 16 3 18.1
2 16 4 19.9
2 16 5 13
2 16 6 12
2 16 7 8.8
2 16 8 13.6
2 16 9 16.9
2 16 10 12.3
2 16 11 10.9
2 16 12 11.6
2 16 13 11.5
2 16 14 10.6
2 16 15 7.8
2 17 1 19.4
2 17 2 12.4
2 17 3 11.6
2 17 4 11.5
2 17 5 26.4
2 17 6 11.4
2 17 7 17.1
2 17 8 14.4
2 17 9 17.5
2 17 10 18.6
2 17 11 25
2 17 12 17.9
2 17 13 23.1
2 17 14 29
2 17 15 19.2
2 18 1 10.9
2 18 2 8.5
2 18 3 16.9
2 18 4 19.1
2 18 5 8.9
2 18 6 3
2 18 7 5.8
2 18 8 14.2
2 18 9 8.9
2 18 10 3.9
2 18 11 4.2
2 18 12 9.3
2 18 13 20.9
2 18 14 4.7
2 18 15 24.2
