1 0 1 68.2
1 0 2 60.1
1 0 3 72.4
1 0 4 69
1 0 5 70.7
1 60 1 86.3
1 60 2 73
1 60 3 76.1
1 60 4 76.3
1 60 5 75.4
1 120 1 78.8
1 120 2 70.5
1 120 3 75.3
1 120 4 75.8
1 120 5 70.3
2 0 1 80.2
2 0 2 74.3
2 0 3 83.4
2 0 4 77.4
2 0 5 81.7
2 60 1 93.5
2 60 2 81.2
2 60 3 87.2
2 60 4 81.5
2 60 5 88.3
2 120 1 96.7
2 120 2 86.7
2 120 3 94.4
2 120 4 85.9
2 120 5 98.5
3 0 1 65.4
3 0 2 65.4
3 0 3 58.7
3 0 4 71.6
3 0 5 78.4
3 60 1 64.8
3 60 2 68.3
3 60 3 60.3
3 60 4 75.8
3 60 5 81
3 120 1 68.5
3 120 2 69.8
3 120 3 61.4
3 120 4 73.8
3 120 5 79.5
