 1    1   1    127.1         310      78.6      6.97
 1    1   2    127.1         327      80.2      4.82
 1    1   3    126.9         295      77.6      1.02
 1    1   4    126.6         361      85.6      2.81
 2    1   1    127.7         299      78.1      1.24
 2    1   2    127.6         310      78.8      8.07
 2    1   3    126.6         298      77.6      8.18
 2    1   4    126.9         347      83.0      3.45
 3    1   1    127.4         363      85.4      3.05
 3    1   2    127.2         276      77.2      6.78
 3    1   3    127.1         303      78.1      8.55
 3    1   4    127.0         350      83.4      3.37
 4    1   1    127.7         287      77.8      2.90
 4    1   2    127.3         365      85.7      2.96
 4    1   3    127.6         326      80.1      5.50
 4    1   4    127.1         274      77.1      8.83
 5    1   1    127.5         306      78.5      9.01
 5    1   2    127.6         359      84.5      3.32
 5    1   3    127.5         314      79.0      7.04
 5    1   4    127.4         348      82.9      3.68
 6    1   1    127.9         306      78.6      1.01
 6    1   2    127.9         363      85.0      3.29
 6    1   3    127.8         361      84.7      3.37
 6    1   4    127.5         297      78.0      1.21
 7    1   1    128.1         351      83.1      3.96
 7    1   2    127.7         293      78.0      1.76
 7    1   3    127.5         306      78.5      8.89
 7    1   4    127.6         355      83.8      3.51
 8    1   1    127.9         302      78.4      1.20
 8    1   2    128.0         300      78.4      1.38
 8    1   3    128           337      81.3      4.86
 8    1   4    128.0         284      78.0      7.21
 9    1   1    128.1         339      81.5      4.78
 9    1   2    128.0         287      78.1      3.97
 9    1   3    127.9         321      79.7      6.60
 9    1   4    127.7         316      79.2      7.03
 10   1   1    127.7         285      77.7      3.22
 10   1   2    127.7         290      77.8      2.03
 10   1   3    127.5         354      83.7      3.47
 10   1   4    127.1         355      84.2      3.21
 11   1   1    127.0         301      78.0      8.56
 11   1   2    127.1         365      86.1      2.85
 11   1   3    126.9         278      76.9      2.95
 11   1   4    127.3         371      86.8      2.81
 12   1   1    126.6         275      76.7      2.91
 12   1   2    126.4         302      77.9      6.97
 12   1   3    126.2         340      82.3      3.36
 12   1   4    126.5         287      77.0      1.20
 1    2   1    126.8         334      81.1      4.07
 1    2   2    126.9         269      76.9      2.19
 1    2   3    126.8         287      77.1      1.39
 1    2   4    126.6         305      78.1      6.70
 2    2   1    127.8         293      78.0      1.91
 2    2   2    127.7         351      83.2      3.74
 2    2   3    127.6         337      81.4      4.50
 2    2   4    127.1         316      79.1      6.02
 3    2   1    127.4         301      78.1      1.01
 3    2   2    127.1         347      82.9      3.55
 3    2   3    127.2         334      81.1      4.41
 3    2   4    127.2         320      79.5      5.62
 4    2   1    127.7         306      78.6      9.69
 4    2   2    127.7         338      81.4      4.53
 4    2   3    127.6         339      81.6      4.36
 4    2   4    127.8         280      77.8      1.46
 5    2   1    127.7         297      78.1      1.42
 5    2   2    127.9         339      81.5      4.66
 5    2   3    127.7         354      83.7      3.55
 5    2   4    127.8         329      80.4      5.46
 6    2   1    127.9         299      78.3      1.45
 6    2   2    127.9         324      80.0      6.19
 6    2   3    127.9         373      86.7      2.97
 6    2   4    127.8         289      77.9      2.46
 7    2   1    127.8         315      79.2      7.49
 7    2   2    127.9         299      78.3      1.41
 7    2   3    127.8         288      77.9      2.86
 7    2   4    127.9         349      82.8      3.99
 8    2   1    128.0         348      82.7      4.12
 8    2   2    128.0         311      79.0      9.12
 8    2   3    128.0         370      86.2      3.09
 8    2   4    128.0         292      78.2      2.26
 9    2   1    128.0         292      78.1      2.25
 9    2   2    127.9         287      78.0      3.38
 9    2   3    128           331      80.6      5.43
 9    2   4    127.7         351      83.1      3.78
 10   2   1    127.7         298      78.2      1.30
 10   2   2    127.7         307      78.6      9.25
 10   2   3    127.8         344      82.2      4.20
 10   2   4    127.8         293      78.0      1.90
 11   2   1    127.3         340      81.8      4.06
 11   2   2    127.7         287      77.8      2.77
 11   2   3    127.5         373      87.2      2.79
 11   2   4    127.0         295      77.6      1.09
 12   2   1    126.6         304      78.1      6.85
 12   2   2    126.5         278      76.7      2.06
 12   2   3    126.5         326      80.3      4.32
 12   2   4    126.9         317      79.2      5.65
 1    3   1    125.6         318      79.4      4.12
 1    3   2    126.6         358      85.2      2.87
 1    3   3    126.6         364      86.3      2.71
 1    3   4    126.0         293      77.1      7.98
 2    3   1    125.2         297      77.2      5.64
 2    3   2    126.2         320      79.5      4.59
 2    3   3    126.6         359      85.2      2.87
 2    3   4    126.2         274      76.3      2.24
 3    3   1    125.9         306      78.1      5.51
 3    3   2    125.5         312      78.8      4.51
 3    3   3    125.3         352      85.2      2.55
 3    3   4    126.1         261      76.1      2.90
 4    3   1    125.0         327      80.9      3.24
 4    3   2    126.6         365      86.3      2.71
 4    3   3    126.7         270      76.7      8.72
 4    3   4    126.0         287      76.7      9.64
 5    3   1    125.0         261      75.2      2.27
 5    3   2    126.4         349      83.7      3.09
 5    3   3    126.7         269      76.7      1.70
 5    3   4    126.8         347      83.0      3.40
 6    3   1    126.1         299      77.6      6.84
 6    3   2    126.0         341      82.5      3.25
 6    3   3    126.1         274      76.3      2.08
 6    3   4    126.2         346      83.2      3.11
 7    3   1    125.9         291      77.0      8.13
 7    3   2    126.5         359      85.4      2.79
 7    3   3    127.0         277      77.0      3.75
 7    3   4    127.3         284      77.4      2.46
 8    3   1    126.3         308      78.3      5.95
 8    3   2    127.1         275      77.1      7.53
 8    3   3    126.8         336      81.4      3.98
 8    3   4    127.2         366      86.1      2.88
 9    3   1    125.5         282      76.3      9.52
 9    3   2    126.1         344      83.0      3.12
 9    3   3    126.1         331      81.0      3.77
 9    3   4    126.4         352      84.1      3.02
 10   3   1    125.7         332      81.4      3.39
 10   3   2    126.0         338      82.0      3.35
 10   3   3    126.2         352      84.4      2.89
 10   3   4    126.5         303      78.0      6.83
 11   3   1    125.3         254      75.3      1.33
 11   3   2    126.1         345      83.2      3.12
 11   3   3    126.1         304      77.9      6.03
 11   3   4    126.5         358      85.2      2.84
 12   3   1    125.4         280      76.1      9.49
 12   3   2    125.6         326      80.4      3.70
 12   3   3    126.3         294      77.3      8.34
 12   3   4    126.0         279      76.4      1.36
 1    4   1    127.2         274      77.2      1.23
 1    4   2    127.3         282      77.4      2.82
 1    4   3    126.9         304      78.2      7.68
 1    4   4    127.2         331      80.7      4.62
 2    4   1    126.7         322      79.8      4.77
 2    4   2    127.5         328      80.3      5.19
 2    4   3    127.4         290      77.7      1.69
 2    4   4    127.6         283      77.7      3.91
 3    4   1    127.1         333      80.9      4.37
 3    4   2    127.3         282      77.4      3.15
 3    4   3    126.7         320      79.5      5.03
 3    4   4    127.2         282      77.3      2.62
 4    4   1    127.2         307      78.5      7.60
 4    4   2    127.4         336      81.2      4.47
 4    4   3    126.7         364      86.1      2.74
 4    4   4    127.5         370      86.5      2.89
 5    4   1    127.6         331      80.6      5.06
 5    4   2    127.6         287      77.7      2.55
 5    4   3    127.8         334      81.0      4.89
 5    4   4    127.7         296      78.1      1.49
 6    4   1    127.0         273      77.0      9.62
 6    4   2    127.0         305      78.2      7.76
 6    4   3    127.1         275      77.1      7.18
 6    4   4    127.2         318      79.3      5.96
 7    4   1    127.4         316      79.2      6.48
 7    4   2    127.3         352      83.5      3.45
 7    4   3    127.7         285      77.8      3.75
 7    4   4    127.8         329      80.4      5.55
 8    4   1    127.9         287      78.0      3.63
 8    4   2    128.0         351      83.1      3.93
 8    4   3    127.7         369      86.1      3.03
 8    4   4    127.8         320      79.5      6.67
 9    4   1    126.7         293      77.4      1.00
 9    4   2    127.0         329      80.5      4.56
 9    4   3    126.9         287      77.3      1.52
 9    4   4    126.9         286      77.2      1.59
 10   4   1    127.5         340      81.8      4.23
 10   4   2    127.3         350      83.2      3.57
 10   4   3    127.4         367      86.0      2.95
 10   4   4    127           306      78.3      7.43
 11   4   1    127.2         370      86.8      2.78
 11   4   2    127.2         302      78.1      9.09
 11   4   3    127.1         273      77.1      1.42
 11   4   4    127.2         297      77.8      1.05
 12   4   1    126.7         271      76.7      6.99
 12   4   2    127.3         287      77.5      1.87
 12   4   3    127.0         336      81.4      4.07
 12   4   4    126.2         265      76.2      8.81
 1    5   1    125.6         342      83.0      2.98
 1    5   2    125.3         306      78.1      4.84
 1    5   3    125.4         280      76.1      9.80
 1    5   4    125.2         281      76.1      8.66
 2    5   1    126.6         283      76.9      1.60
 2    5   2    126.9         326      80.1      4.74
 2    5   3    126.8         316      79.1      5.64
 2    5   4    126.6         352      83.9      3.11
 3    5   1    126.4         273      76.5      2.96
 3    5   2    126.8         289      77.2      1.28
 3    5   3    126.6         323      79.8      4.64
 3    5   4    126.4         339      82.0      3.52
 4    5   1    126.2         272      76.3      2.49
 4    5   2    126.8         300      77.8      8.26
 4    5   3    126.6         365      86.4      2.70
 4    5   4    126.8         316      79.1      5.57
 5    5   1    127.2         297      77.8      1.09
 5    5   2    126.7         280      76.9      2.16
 5    5   3    126.9         284      77.1      1.80
 5    5   4    126.7         323      79.8      4.79
 6    5   1    127.2         328      80.3      4.83
 6    5   2    127.2         351      83.4      3.45
 6    5   3    127.3         331      80.6      4.73
 6    5   4    127.0         295      77.6      1.08
 7    5   1    127.0         351      83.5      3.37
 7    5   2    126.9         305      78.2      7.32
 7    5   3    127.2         291      77.5      1.40
 7    5   4    126.5         325      80.2      4.39
 8    5   1    126.8         307      78.3      6.85
 8    5   2    127.2         363      85.4      2.99
 8    5   3    127.2         362      85.4      3.02
 8    5   4    126.9         341      82.0      3.79
 9    5   1    127.0         331      80.7      4.40
 9    5   2    127.2         358      84.7      3.14
 9    5   3    127.1         313      78.9      6.35
 9    5   4    127.1         293      77.6      1.21
 10   5   1    127.0         278      77.1      3.43
 10   5   2    126.8         339      81.9      3.75
 10   5   3    126.8         306      78.2      7.11
 10   5   4    127.0         281      77.1      2.36
 11   5   1    126.4         306      78.1      6.23
 11   5   2    126.1         349      83.7      3.00
 11   5   3    126.4         322      79.8      4.50
 11   5   4    126.0         331      81.0      3.70
 12   5   1    125.9         285      76.6      1.00
 12   5   2    125.2         333      81.8      3.11
 12   5   3    125.8         326      80.4      3.77
 12   5   4    125.5         346      83.8      2.79
 1    6   1    126.4         301      77.8      7.02
 1    6   2    126.1         308      78.4      5.57
 1    6   3    126.4         357      85.0      2.86
 1    6   4    125.8         337      82.0      3.27
 2    6   1    127.1         291      77.5      1.34
 2    6   2    127.1         359      84.8      3.07
 2    6   3    127.2         299      77.9      1.01
 2    6   4    127           296      77.6      1.02
 3    6   1    126.7         317      79.2      5.34
 3    6   2    126.6         273      76.6      3.76
 3    6   3    126.9         340      81.9      3.79
 3    6   4    127.1         288      77.4      1.55
 4    6   1    126.8         300      77.8      8.34
 4    6   2    126.5         284      76.9      1.40
 4    6   3    127.0         355      84.2      3.19
 4    6   4    127.3         326      80.1      5.19
 5    6   1    126.9         290      77.3      1.25
 5    6   2    127.3         364      85.6      2.99
 5    6   3    127.5         347      82.8      3.80
 5    6   4    127.3         274      77.3      2.65
 6    6   1    127.3         340      81.8      4.08
 6    6   2    127.4         281      77.4      3.71
 6    6   3    127.3         363      85.3      3.04
 6    6   4    127.1         348      83.0      3.54
 7    6   1    127.1         355      84.1      3.26
 7    6   2    127.1         327      80.2      4.82
 7    6   3    127.0         347      83.0      3.51
 7    6   4    127.3         313      78.9      6.87
 8    6   1    127.4         319      79.4      6.19
 8    6   2    127.1         316      79.2      5.98
 8    6   3    127.2         288      77.5      1.65
 8    6   4    127.2         296      77.7      1.11
 9    6   1    127.5         280      77.5      5.05
 9    6   2    127.5         317      79.2      6.66
 9    6   3    127.3         289      77.6      1.72
 9    6   4    127.3         362      85.2      3.06
 10   6   1    127.3         320      79.5      5.76
 10   6   2    127.5         307      78.5      8.44
 10   6   3    127.1         287      77.3      1.71
 10   6   4    127.4         368      86.2      2.94
 11   6   1    126.5         312      78.7      5.60
 11   6   2    126.8         287      77.1      1.40
 11   6   3    126.5         288      77.0      1.18
 11   6   4    126.3         263      76.3      7.45
 12   6   1    126.1         334      81.5      3.54
 12   6   2    126.1         287      76.8      9.86
 12   6   3    126.6         331      80.8      4.06
 12   6   4    126.5         265      76.5      3.42
 1    7   1    127.2         279      77.3      3.83
 1    7   2    127.1         315      79.1      6.06
 1    7   3    127.3         354      83.9      3.38
 1    7   4    127.3         341      82.0      3.98
 2    7   1    127.0         355      84.2      3.18
 2    7   2    127.2         364      85.7      2.95
 2    7   3    127.3         292      77.6      1.40
 2    7   4    127.1         305      78.2      7.99
 3    7   1    126.8         340      82.0      3.71
 3    7   2    126.9         275      76.9      4.58
 3    7   3    126.9         347      83.0      3.46
 3    7   4    126.8         354      84.2      3.10
 4    7   1    127.0         327      80.2      4.78
 4    7   2    127.1         324      79.9      5.09
 4    7   3    127.2         330      80.6      4.65
 4    7   4    126.9         270      76.9      3.64
 5    7   1    127.1         340      81.9      3.93
 5    7   2    127.0         344      82.4      3.68
 5    7   3    127.3         324      79.9      5.37
 5    7   4    127.1         361      85.2      3.02
 6    7   1    126.8         297      77.6      9.41
 6    7   2    127.0         310      78.6      6.71
 6    7   3    126.8         308      78.4      6.70
 6    7   4    126.9         348      83.2      3.38
 7    7   1    127.4         287      77.6      2.10
 7    7   2    127.5         326      80.1      5.39
 7    7   3    127.3         313      78.9      6.96
 7    7   4    127.4         285      77.5      2.43
 8    7   1    127.4         328      80.3      5.04
 8    7   2    127.2         313      78.9      6.50
 8    7   3    127.2         320      79.5      5.70
 8    7   4    127.4         342      82.0      3.99
 9    7   1    127.0         329      80.5      4.60
 9    7   2    127.3         298      77.9      1.09
 9    7   3    127.1         304      78.2      7.99
 9    7   4    127.1         299      77.9      9.68
 10   7   1    127.0         322      79.7      5.20
 10   7   2    126.9         324      79.9      4.93
 10   7   3    127.1         313      78.9      6.42
 10   7   4    127.0         307      78.4      7.36
 11   7   1    126.9         319      79.4      5.40
 11   7   2    127.0         284      77.2      1.86
 11   7   3    126.9         296      77.6      9.91
 11   7   4    126.7         280      76.9      2.07
 12   7   1    127.1         325      80.0      5.09
 12   7   2    126.8         301      77.9      8.13
 12   7   3    127.2         282      77.3      2.66
 12   7   4    127.0         343      82.4      3.69
 1    8   1    127.2         341      82.0      3.95
 1    8   2    127.5         296      77.9      1.27
 1    8   3    127.4         337      81.3      4.34
 1    8   4    127.2         355      84.2      3.24
 2    8   1    127.2         326      80.1      5.02
 2    8   2    127.1         310      78.6      6.93
 2    8   3    127.4         289      77.6      1.78
 2    8   4    127.1         308      78.5      7.25
 3    8   1    127.3         360      85.0      3.11
 3    8   2    127.2         353      83.7      3.36
 3    8   3    127.0         357      84.6      3.09
 3    8   4    126.6         320      79.5      4.91
 4    8   1    127.0         335      81.2      4.18
 4    8   2    126.9         362      85.6      2.90
 4    8   3    127.2         320      79.5      5.71
 4    8   4    126.9         278      77.0      2.98
 5    8   1    127.2         289      77.5      1.59
 5    8   2    127.2         283      77.3      2.62
 5    8   3    127.3         370      86.6      2.82
 5    8   4    127.3         355      84.1      3.30
 6    8   1    127.3         332      80.7      4.63
 6    8   2    127.0         292      77.5      1.21
 6    8   3    127.0         344      82.4      3.65
 6    8   4    126.9         307      78.4      7.06
 7    8   1    127.6         333      80.8      4.86
 7    8   2    127.6         337      81.3      4.59
 7    8   3    127.5         365      85.6      3.04
 7    8   4    127.2         295      77.7      1.18
 8    8   1    127.4         299      78.0      1.09
 8    8   2    127.3         286      77.4      2.16
 8    8   3    127.4         361      84.9      3.14
 8    8   4    127.1         366      86.2      2.85
 9    8   1    127.1         317      79.2      5.91
 9    8   2    126.8         332      80.9      4.21
 9    8   3    127.0         288      77.3      1.49
 9    8   4    127.1         346      82.7      3.64
 10   8   1    127.0         285      77.2      1.79
 10   8   2    127.0         328      80.3      4.70
 10   8   3    126.9         326      80.2      4.70
 10   8   4    127.0         290      77.4      1.31
 11   8   1    127.1         283      77.3      2.24
 11   8   2    126.9         356      84.4      3.09
 11   8   3    127.2         304      78.3      8.53
 11   8   4    127.3         305      78.3      8.51
 12   8   1    127.1         367      86.2      2.84
 12   8   2    127.1         279      77.1      3.34
 12   8   3    127.3         353      83.8      3.39
 12   8   4    127.4         349      83.1      3.63
 1    9   1    127.1         294      77.6      1.19
 1    9   2    127.2         351      83.5      3.45
 1    9   3    127.1         306      78.3      7.69
 1    9   4    126.6         302      77.9      7.56
 2    9   1    127.0         367      86.3      2.81
 2    9   2    127.1         294      77.6      1.15
 2    9   3    127.2         302      78.1      9.09
 2    9   4    127.0         361      85.3      2.96
 3    9   1    126.9         302      78.0      7.97
 3    9   2    126.4         285      76.8      1.25
 3    9   3    126.6         299      77.7      8.08
 3    9   4    126.0         280      76.4      1.34
 4    9   1    127.0         332      80.9      4.33
 4    9   2    127.2         292      77.6      1.33
 4    9   3    127.1         276      77.1      5.53
 4    9   4    126.8         287      77.2      1.38
 5    9   1    127           310      78.6      6.69
 5    9   2    126.8         346      82.9      3.44
 5    9   3    126.8         349      83.4      3.28
 5    9   4    126.6         331      80.8      4.09
 6    9   1    126.8         270      76.8      1.54
 6    9   2    126.9         293      77.5      1.14
 6    9   3    126.7         349      83.3      3.28
 6    9   4    126.5         347      83.2      3.24
 7    9   1    127.4         301      78.1      1.02
 7    9   2    127.0         317      79.2      5.72
 7    9   3    127.2         311      78.7      6.99
 7    9   4    127.1         319      79.4      5.66
 8    9   1    126.8         305      78.2      7.24
 8    9   2    127.3         288      77.5      1.78
 8    9   3    127.0         332      80.9      4.36
 8    9   4    126.5         286      77.0      1.27
 9    9   1    126.9         285      77.1      1.65
 9    9   2    127.2         280      77.2      3.15
 9    9   3    126.8         283      77.1      1.79
 9    9   4    126.9         358      84.9      3.01
 10   9   1    127.2         327      80.2      4.96
 10   9   2    127.2         358      84.7      3.16
 10   9   3    127.1         297      77.8      1.04
 10   9   4    127.2         321      79.6      5.55
 11   9   1    126.4         285      76.8      1.24
 11   9   2    126.8         343      82.5      3.57
 11   9   3    126.8         289      77.2      1.29
 11   9   4    126.4         270      76.4      4.83
 12   9   1    127.1         327      80.2      4.84
 12   9   2    127.0         354      84.1      3.21
 12   9   3    127.0         349      83.3      3.42
 12   9   4    126.7         366      86.5      2.69
 1    10  1    127.4         367      86.1      2.95
 1    10  2    127.6         319      79.5      6.47
 1    10  3    127.5         294      77.9      1.45
 1    10  4    127.1         329      80.5      4.65
 2    10  1    127.6         281      77.7      5.72
 2    10  2    127.3         338      81.6      4.19
 2    10  3    127.4         278      77.4      7.98
 2    10  4    127.2         347      82.8      3.65
 3    10  1    126.9         341      82.1      3.72
 3    10  2    127.4         314      79.0      6.89
 3    10  3    127.1         345      82.6      3.67
 3    10  4    126.8         273      76.8      5.43
 4    10  1    127           350      83.4      3.36
 4    10  2    127.2         315      79.0      6.35
 4    10  3    127.6         284      77.6      3.49
 4    10  4    127.1         369      86.8      2.75
 5    10  1    127.5         314      79.0      7.19
 5    10  2    127.5         353      83.6      3.54
 5    10  3    127.8         280      77.8      1.75
 5    10  4    127.1         319      79.4      5.69
 6    10  1    127.4         300      78.1      1.08
 6    10  2    127.5         314      79.0      7.10
 6    10  3    127.4         352      83.5      3.52
 6    10  4    127.0         335      81.2      4.17
 7    10  1    127.5         335      81.1      4.60
 7    10  2    127.7         278      77.7      3.70
 7    10  3    127.6         295      78.0      1.43
 7    10  4    127.1         355      84.2      3.21
 8    10  1    127.5         372      86.8      2.85
 8    10  2    127.5         308      78.6      8.52
 8    10  3    127.4         300      78.1      1.08
 8    10  4    126.9         357      84.6      3.06
 9    10  1    127.7         322      79.7      6.21
 9    10  2    127.8         314      79.1      7.77
 9    10  3    127.5         371      86.7      2.86
 9    10  4    127.1         328      80.4      4.70
 10   10  1    127.6         291      77.8      1.84
 10   10  2    127.5         285      77.6      2.57
 10   10  3    127.6         315      79.1      7.09
 10   10  4    127.3         325      80.0      5.28
 11   10  1    126.8         357      84.8      3.00
 11   10  2    127.0         313      78.8      6.31
 11   10  3    127.2         274      77.2      1.08
 11   10  4    126.7         273      76.8      4.31
 12   10  1    127.2         288      77.4      1.72
 12   10  2    127.5         294      77.9      1.47
 12   10  3    127.4         308      78.5      8.16
 12   10  4    126.6         328      80.4      4.34
 1    11  1    125.2         282      76.1      8.54
 1    11  2    126.1         325      80.2      4.05
 1    11  3    126.1         322      79.8      4.31
 1    11  4    125.8         272      76.0      1.89
 2    11  1    126.7         365      86.3      2.73
 2    11  2    126.2         271      76.2      2.81
 2    11  3    125.4         255      75.4      2.41
 2    11  4    126.2         354      84.7      2.86
 3    11  1    125.3         344      83.5      2.80
 3    11  2    125.6         332      81.3      3.37
 3    11  3    125.5         349      84.3      2.70
 3    11  4    125.6         315      79.0      4.35
 4    11  1    126.8         343      82.4      3.60
 4    11  2    126.4         357      85.0      2.84
 4    11  3    126.6         325      80.1      4.48
 4    11  4    126.7         305      78.1      6.97
 5    11  1    126.9         304      78.1      7.53
 5    11  2    125.7         292      77.0      7.24
 5    11  3    126.5         344      82.7      3.38
 5    11  4    127.0         336      81.4      4.09
 6    11  1    126.6         289      77.1      1.16
 6    11  2    126.1         349      83.9      2.96
 6    11  3    126.3         267      76.3      7.27
 6    11  4    126.9         335      81.3      4.04
 7    11  1    126.7         285      77.0      1.45
 7    11  2    125.6         291      76.8      7.44
 7    11  3    126.4         354      84.5      2.92
 7    11  4    126.1         316      79.2      4.77
 8    11  1    126.4         298      77.5      7.75
 8    11  2    126.6         337      81.7      3.75
 8    11  3    127.1         326      80.1      4.94
 8    11  4    127.4         336      81.3      4.37
 9    11  1    127.0         301      78.0      8.84
 9    11  2    126.5         311      78.7      5.69
 9    11  3    127.2         329      80.5      4.70
 9    11  4    126.9         359      85.1      2.98
 10   11  1    126.6         330      80.7      4.19
 10   11  2    126.8         294      77.4      1.04
 10   11  3    125.8         270      76.0      2.32
 10   11  4    126.5         348      83.4      3.20
 11   11  1    126.5         318      79.3      4.96
 11   11  2    125.5         333      81.6      3.24
 11   11  3    125.4         266      75.6      2.27
 11   11  4    125.4         286      76.4      7.86
 12   11  1    125.3         334      81.8      3.14
 12   11  2    126.1         356      85.0      2.78
 12   11  3    126.0         357      85.4      2.69
 12   11  4    125.9         263      75.9      7.04
 1    12  1    127.4         281      77.5      3.99
 1    12  2    127.2         292      77.6      1.37
 1    12  3    126.9         301      77.9      8.45
 1    12  4    127.0         357      84.5      3.12
 2    12  1    127.4         293      77.7      1.44
 2    12  2    127.3         299      77.9      1.06
 2    12  3    127.4         287      77.6      2.10
 2    12  4    127.5         347      82.7      3.82
 3    12  1    127.4         274      77.4      8.19
 3    12  2    127.0         363      85.6      2.91
 3    12  3    127           272      77.0      9.53
 3    12  4    127.1         325      80.0      5.02
 4    12  1    127.9         304      78.5      1.08
 4    12  2    127.1         299      77.8      9.66
 4    12  3    127.4         361      85.0      3.13
 4    12  4    127.4         329      80.5      4.94
 5    12  1    127.7         359      84.4      3.37
 5    12  2    127.2         275      77.2      1.04
 5    12  3    127.7         335      81.1      4.71
 5    12  4    127.7         358      84.2      3.44
 6    12  1    127.8         290      77.9      2.16
 6    12  2    127.8         295      78.1      1.69
 6    12  3    127.6         300      78.2      1.16
 6    12  4    127.7         369      86.1      3.04
 7    12  1    127.6         365      85.6      3.08
 7    12  2    127.7         364      85.3      3.18
 7    12  3    127.7         313      79.0      7.74
 7    12  4    127.7         285      77.8      3.50
 8    12  1    127.8         284      77.8      4.89
 8    12  2    127.8         342      81.9      4.35
 8    12  3    127.9         332      80.7      5.25
 8    12  4    127.7         314      79.0      7.45
 9    12  1    127.4         372      87.1      2.77
 9    12  2    127.6         343      82.0      4.11
 9    12  3    127.6         298      78.1      1.27
 9    12  4    127.7         299      78.2      1.22
 10   12  1    127.5         369      86.4      2.93
 10   12  2    127.7         329      80.4      5.39
 10   12  3    127.5         358      84.4      3.33
 10   12  4    127.7         298      78.1      1.28
 11   12  1    127.5         351      83.3      3.64
 11   12  2    127.3         369      86.5      2.84
 11   12  3    127.4         279      77.4      4.67
 11   12  4    127.6         283      77.7      4.04
 12   12  1    126.8         350      83.5      3.29
 12   12  2    127.1         289      77.4      1.52
 12   12  3    126.9         316      79.1      5.80
 12   12  4    127.6         368      86.2      2.96
 1    13  1    126.4         288      77.0      1.07
 1    13  2    127.7         287      77.8      2.63
 1    13  3    127.8         307      78.6      9.58
 1    13  4    127.1         359      84.8      3.08
 2    13  1    126.9         305      78.2      7.41
 2    13  2    127.5         284      77.5      2.94
 2    13  3    127.9         333      80.9      5.11
 2    13  4    127.3         343      82.2      3.90
 3    13  1    126.7         306      78.2      6.83
 3    13  2    127.1         350      83.4      3.41
 3    13  3    127.5         308      78.6      8.17
 3    13  4    127.0         359      84.9      3.04
 4    13  1    126.9         309      78.5      6.72
 4    13  2    127.0         301      78.0      8.85
 4    13  3    127.6         320      79.6      6.27
 4    13  4    127.0         362      85.4      2.94
 5    13  1    127.0         322      79.7      5.20
 5    13  2    127.1         326      80.2      4.92
 5    13  3    127.9         293      78.1      2.02
 5    13  4    126.8         345      82.7      3.47
 6    13  1    127.3         311      78.8      7.06
 6    13  2    127.3         367      86.1      2.92
 6    13  3    127.8         307      78.6      9.74
 6    13  4    127.2         340      81.8      4.00
 7    13  1    127.3         358      84.5      3.21
 7    13  2    127.4         297      77.9      1.23
 7    13  3    127.9         344      82.1      4.30
 7    13  4    127.2         289      77.5      1.66
 8    13  1    126.9         361      85.4      2.92
 8    13  2    127.4         343      82.1      4.02
 8    13  3    127.7         325      80.1      5.78
 8    13  4    127.2         300      78.0      9.65
 9    13  1    126.8         366      86.5      2.71
 9    13  2    127.2         321      79.6      5.63
 9    13  3    127.9         313      79.0      8.13
 9    13  4    127.0         285      77.2      1.76
 10   13  1    127.1         295      77.7      1.09
 10   13  2    127.1         304      78.2      8.30
 10   13  3    127.4         294      77.8      1.42
 10   13  4    127.2         345      82.5      3.76
 11   13  1    127.1         314      78.9      6.28
 11   13  2    127.3         307      78.5      8.04
 11   13  3    127.6         347      82.6      3.93
 11   13  4    126.7         344      82.7      3.43
 12   13  1    127.5         350      83.1      3.70
 12   13  2    127.4         296      77.9      1.24
 12   13  3    127.6         361      84.9      3.23
 12   13  4    127.1         292      77.5      1.29
 1    14  1    127.6         283      77.6      3.82
 1    14  2    127.6         338      81.4      4.42
 1    14  3    127.8         351      83.2      3.77
 1    14  4    127.6         329      80.4      5.20
 2    14  1    127.5         318      79.4      6.33
 2    14  2    127.7         357      84.1      3.46
 2    14  3    127.7         343      82.1      4.20
 2    14  4    127.3         338      81.5      4.23
 3    14  1    127.3         342      82.1      3.97
 3    14  2    127.5         324      79.9      5.55
 3    14  3    126.9         315      79.0      5.88
 3    14  4    127.1         357      84.5      3.15
 4    14  1    127.2         320      79.5      5.66
 4    14  2    127.6         284      77.6      3.49
 4    14  3    127.7         285      77.7      3.59
 4    14  4    127.8         292      78.0      1.94
 5    14  1    127.1         316      79.1      6.00
 5    14  2    127.4         368      86.3      2.90
 5    14  3    127.6         317      79.3      6.89
 5    14  4    127.8         344      82.1      4.22
 6    14  1    127.5         343      82.2      4.00
 6    14  2    127.4         289      77.6      1.89
 6    14  3    127.8         311      78.9      8.34
 6    14  4    127.8         329      80.4      5.41
 7    14  1    127.8         321      79.6      6.61
 7    14  2    127.8         306      78.6      9.70
 7    14  3    127.9         290      78.0      2.37
 7    14  4    127.9         357      84.0      3.56
 8    14  1    127.3         372      87.2      2.74
 8    14  2    127.3         340      81.7      4.09
 8    14  3    127.8         370      86.3      3.01
 8    14  4    127.9         357      83.9      3.61
 9    14  1    127.7         282      77.7      5.49
 9    14  2    127.7         344      82.1      4.15
 9    14  3    127.8         345      82.3      4.15
 9    14  4    127.9         333      80.8      5.18
 10   14  1    127.5         374      87.4      2.78
 10   14  2    127.8         317      79.3      7.09
 10   14  3    127.8         288      77.9      2.60
 10   14  4    127.4         339      81.6      4.26
 11   14  1    127.1         339      81.7      3.98
 11   14  2    127.4         330      80.5      4.89
 11   14  3    127.3         287      77.5      1.96
 11   14  4    127.4         292      77.7      1.49
 12   14  1    127.5         315      79.1      6.89
 12   14  2    127.6         340      81.7      4.27
 12   14  3    127.6         317      79.3      6.74
 12   14  4    127.7         281      77.7      6.14
 1    15  1    127.0         274      77.0      6.01
 1    15  2    126.7         293      77.4      9.99
 1    15  3    127.1         283      77.2      2.20
 1    15  4    127.7         320      79.5      6.49
 2    15  1    127.1         329      80.5      4.62
 2    15  2    126.2         345      83.1      3.16
 2    15  3    127.4         287      77.6      2.20
 2    15  4    127.6         336      81.2      4.58
 3    15  1    126.2         339      82.1      3.41
 3    15  2    126.7         308      78.4      6.42
 3    15  3    127.2         295      77.7      1.17
 3    15  4    127.1         365      85.9      2.90
 4    15  1    126.8         274      76.8      4.62
 4    15  2    126.6         359      85.2      2.88
 4    15  3    127.0         351      83.5      3.34
 4    15  4    127.7         292      78.0      1.90
 5    15  1    127.1         357      84.5      3.15
 5    15  2    127.0         316      79.1      5.81
 5    15  3    127.1         330      80.6      4.57
 5    15  4    127.8         360      84.6      3.36
 6    15  1    126.9         365      86.2      2.80
 6    15  2    127.0         370      86.9      2.73
 6    15  3    126.9         347      83.0      3.44
 6    15  4    127.4         295      77.9      1.33
 7    15  1    126.9         292      77.4      1.16
 7    15  2    126.7         287      77.1      1.34
 7    15  3    127.1         306      78.3      7.74
 7    15  4    127.5         292      77.8      1.62
 8    15  1    127.0         328      80.4      4.62
 8    15  2    126.3         330      80.7      3.96
 8    15  3    127.2         335      81.2      4.28
 8    15  4    127.7         329      80.4      5.35
 9    15  1    127.0         287      77.3      1.55
 9    15  2    126.8         291      77.3      1.14
 9    15  3    127.1         287      77.3      1.66
 9    15  4    127.5         324      79.9      5.63
 10   15  1    127.1         356      84.3      3.17
 10   15  2    126.6         332      81.0      4.02
 10   15  3    127.3         345      82.5      3.77
 10   15  4    127.6         328      80.3      5.30
 11   15  1    126.5         352      84.1      3.03
 11   15  2    126.3         314      78.9      5.17
 11   15  3    127.3         344      82.3      3.89
 11   15  4    126.8         294      77.5      1.01
 12   15  1    127.2         356      84.3      3.24
 12   15  2    126.3         291      77.1      9.55
 12   15  3    127.4         340      81.8      4.13
 12   15  4    127.2         358      84.5      3.19
 1    16  1    127.7         368      85.9      3.04
 1    16  2    127.4         354      83.7      3.44
 1    16  3    127.6         293      77.9      1.69
 1    16  4    127.6         319      79.4      6.55
 2    16  1    127.7         302      78.3      1.10
 2    16  2    127.6         364      85.3      3.15
 2    16  3    127.7         361      84.8      3.29
 2    16  4    127.7         364      85.2      3.21
 3    16  1    127.2         347      82.8      3.64
 3    16  2    127.3         292      77.7      1.41
 3    16  3    127.5         349      83.0      3.68
 3    16  4    127.4         359      84.6      3.23
 4    16  1    127.6         370      86.5      2.94
 4    16  2    127.7         318      79.4      6.63
 4    16  3    127.7         368      86.0      3.04
 4    16  4    127.8         287      77.9      2.95
 5    16  1    127.7         301      78.3      1.13
 5    16  2    127.7         340      81.6      4.44
 5    16  3    127.4         292      77.7      1.54
 5    16  4    127.8         365      85.5      3.16
 6    16  1    127.6         315      79.1      6.99
 6    16  2    127.4         367      86.0      2.97
 6    16  3    127.6         304      78.4      9.71
 6    16  4    127.7         357      84.1      3.46
 7    16  1    127.6         291      77.9      1.84
 7    16  2    127.7         312      79.0      7.98
 7    16  3    127.8         297      78.2      1.47
 7    16  4    127.9         359      84.3      3.48
 8    16  1    127.6         300      78.2      1.11
 8    16  2    127.7         277      77.7      2.807
 8    16  3    127.5         339      81.6      4.25
 8    16  4    127.7         320      79.6      6.45
 9    16  1    127.6         336      81.2      4.57
 9    16  2    127.5         319      79.4      6.20
 9    16  3    127.7         281      77.7      7.64
 9    16  4    127.7         312      78.9      7.69
 10   16  1    127.6         353      83.5      3.58
 10   16  2    127.3         306      78.4      8.17
 10   16  3    127.5         320      79.5      6.21
 10   16  4    127.7         292      77.9      1.90
 11   16  1    127.3         337      81.4      4.31
 11   16  2    127.1         303      78.1      8.41
 11   16  3    127.6         375      87.3      2.80
 11   16  4    127.3         298      78.0      1.09
 12   16  1    127.7         314      79.1      7.38
 12   16  2    127.4         293      77.8      1.48
 12   16  3    127.1         310      78.6      6.95
 12   16  4    127.4         305      78.4      9.02
 1    17  1    126.8         335      81.2      4.05
 1    17  2    127.2         295      77.7      1.22
 1    17  3    127.3         355      84.1      3.32
 1    17  4    127.0         333      80.9      4.35
 2    17  1    127.2         283      77.3      2.34
 2    17  2    126.5         355      84.5      2.96
 2    17  3    127.1         367      86.4      2.81
 2    17  4    126.9         366      86.3      2.78
 3    17  1    126.7         267      76.7      5.58
 3    17  2    127.0         341      82.0      3.78
 3    17  3    126.6         301      77.8      7.72
 3    17  4    126.8         325      80.1      4.64
 4    17  1    126.6         284      76.9      1.42
 4    17  2    126.8         306      78.3      7.03
 4    17  3    127.2         364      85.6      2.99
 4    17  4    127.0         311      78.7      6.65
 5    17  1    126.8         303      78.0      7.70
 5    17  2    126.7         286      77.1      1.42
 5    17  3    126.8         355      84.4      3.09
 5    17  4    126.8         335      81.3      4.01
 6    17  1    127.3         315      79.1      6.49
 6    17  2    126.9         333      81.0      4.20
 6    17  3    127.3         347      82.8      3.67
 6    17  4    127.2         330      80.6      4.64
 7    17  1    127.5         304      78.3      9.18
 7    17  2    127.3         310      78.6      7.40
 7    17  3    127.2         344      82.4      3.76
 7    17  4    126.6         307      78.2      6.51
 8    17  1    127.4         353      83.7      3.45
 8    17  2    127.3         298      77.9      1.09
 8    17  3    127.3         296      77.8      1.17
 8    17  4    127.0         338      81.6      3.98
 9    17  1    127.2         356      84.2      3.26
 9    17  2    127.0         351      83.5      3.34
 9    17  3    127.0         346      82.7      3.58
 9    17  4    126.8         344      82.5      3.55
 10   17  1    126.9         362      85.5      2.92
 10   17  2    127.0         356      84.4      3.15
 10   17  3    127.1         363      85.6      2.94
 10   17  4    126.9         325      80.0      4.78
 11   17  1    126.9         353      83.9      3.24
 11   17  2    126.5         303      78.0      6.86
 11   17  3    126.6         348      83.4      3.21
 11   17  4    126.8         331      80.7      4.30
 12   17  1    127.1         328      80.3      4.82
 12   17  2    127.2         342      82.1      3.89
 12   17  3    126.9         330      80.7      4.34
 12   17  4    126.9         301      77.9      8.58
 1    18  1    127.0         325      80.0      4.91
 1    18  2    127.0         351      83.5      3.33
 1    18  3    126.7         299      77.7      8.45
 1    18  4    126.5         303      78.0      6.93
 2    18  1    126.8         279      77.0      2.41
 2    18  2    127.0         278      77.1      3.35
 2    18  3    126.8         358      84.8      2.99
 2    18  4    126.8         340      81.9      3.75
 3    18  1    127.0         285      77.2      1.82
 3    18  2    126.6         277      76.7      2.34
 3    18  3    126.4         326      80.2      4.30
 3    18  4    126.4         299      77.7      7.50
 4    18  1    127.2         282      77.3      2.59
 4    18  2    127.0         359      84.9      3.03
 4    18  3    127.2         331      80.7      4.60
 4    18  4    127.2         347      82.8      3.62
 5    18  1    127.1         287      77.3      1.60
 5    18  2    127.0         286      77.3      1.66
 5    18  3    127.1         334      81.1      4.28
 5    18  4    126.8         298      77.7      8.73
 6    18  1    126.9         342      82.2      3.73
 6    18  2    127.3         282      77.4      2.90
 6    18  3    127.1         302      78.1      8.76
 6    18  4    127.0         281      77.2      2.44
 7    18  1    127.2         277      77.2      5.51
 7    18  2    127.1         286      77.4      1.82
 7    18  3    126.9         298      77.7      9.19
 7    18  4    126.9         366      86.3      2.76
 8    18  1    127.3         301      78.1      9.62
 8    18  2    127.4         297      77.9      1.17
 8    18  3    127.4         366      85.9      2.98
 8    18  4    127.1         339      81.7      3.96
 9    18  1    127.1         333      80.9      4.41
 9    18  2    127.3         282      77.3      2.99
 9    18  3    127.3         277      77.3      7.63
 9    18  4    127.3         326      80.1      5.15
 10   18  1    127.0         345      82.6      3.62
 10   18  2    127.1         365      85.9      2.91
 10   18  3    127.0         275      77.0      4.59
 10   18  4    127.4         280      77.4      4.23
 11   18  1    127.0         328      80.4      4.60
 11   18  2    127.0         304      78.2      7.99
 11   18  3    126.9         300      77.9      8.47
 11   18  4    126.5         277      76.6      2.32
 12   18  1    127.4         295      77.8      1.29
 12   18  2    127.0         309      78.5      6.92
 12   18  3    127.0         332      80.9      4.32
 12   18  4    127.0         275      77.1      5.25
 1    19  1    126.5         272      76.6      3.87
 1    19  2    126.5         272      76.6      3.95
 1    19  3    126.8         279      76.9      2.46
 1    19  4    126.1         292      77.0      8.45
 2    19  1    126.3         306      78.1      6.26
 2    19  2    126.2         350      84.0      2.97
 2    19  3    125.7         285      76.5      8.97
 2    19  4    126.3         277      76.5      1.82
 3    19  1    126.5         271      76.5      4.38
 3    19  2    125.8         336      81.9      3.31
 3    19  3    126.2         302      77.8      6.62
 3    19  4    125.1         316      79.4      3.83
 4    19  1    125.9         284      76.5      1.01
 4    19  2    126.7         294      77.4      9.94
 4    19  3    126.0         357      85.5      2.67
 4    19  4    125.9         264      75.9      5.57
 5    19  1    125.4         349      84.4      2.67
 5    19  2    126.2         344      82.9      3.23
 5    19  3    126.4         332      81.0      3.86
 5    19  4    125.9         274      76.1      1.78
 6    19  1    126.7         291      77.3      1.14
 6    19  2    126.6         314      78.9      5.55
 6    19  3    126.1         300      77.6      6.75
 6    19  4    126.0         277      76.3      1.57
 7    19  1    126.8         271      76.8      1.23
 7    19  2    126.5         347      83.3      3.22
 7    19  3    126.0         309      78.4      5.35
 7    19  4    126.5         338      81.8      3.66
 8    19  1    126.4         266      76.4      1.13
 8    19  2    127.1         274      77.1      8.95
 8    19  3    125.7         306      78.1      5.26
 8    19  4    126.0         271      76.1      2.36
 9    19  1    126.6         360      85.5      2.83
 9    19  2    126.8         299      77.7      8.87
 9    19  3    126.7         351      83.7      3.17
 9    19  4    126.4         343      82.6      3.32
 10   19  1    126.8         360      85.3      2.90
 10   19  2    127           320      79.5      5.30
 10   19  3    126.4         265      76.4      3.54
 10   19  4    125.9         278      76.2      1.33
 11   19  1    126.4         291      77.2      9.76
 11   19  2    126.2         269      76.3      4.00
 11   19  3    125.4         334      81.8      3.20
 11   19  4    125.5         325      80.4      3.63
 12   19  1    126.5         303      78.0      6.95
 12   19  2    126.9         277      77.0      3.19
 12   19  3    126.9         363      85.7      2.87
 12   19  4    126.6         360      85.4      2.85
 1    20  1    127.7         373      87.0      2.88
 1    20  2    127.2         347      82.9      3.58
 1    20  3    127.8         369      86.1      3.04
 1    20  4    127.6         302      78.2      1.07
 2    20  1    127.0         318      79.3      5.64
 2    20  2    127.0         271      77.0      7.71
 2    20  3    127.0         274      77.0      6.82
 2    20  4    127.1         326      80.1      4.95
 3    20  1    126.8         354      84.2      3.12
 3    20  2    126.8         304      78.1      7.62
 3    20  3    126.4         342      82.5      3.38
 3    20  4    126.8         289      77.2      1.24
 4    20  1    126.9         314      78.9      6.08
 4    20  2    127.2         281      77.3      2.99
 4    20  3    127.6         310      78.7      8.13
 4    20  4    127.2         318      79.3      5.93
 5    20  1    127.0         290      77.4      1.40
 5    20  2    127.3         338      81.6      4.20
 5    20  3    127.2         321      79.6      5.60
 5    20  4    127.3         352      83.6      3.46
 6    20  1    127.6         290      77.8      1.99
 6    20  2    127.5         300      78.1      1.10
 6    20  3    127.7         340      81.7      4.41
 6    20  4    127.5         354      83.7      3.47
 7    20  1    127.7         286      77.8      3.17
 7    20  2    127.8         356      83.9      3.55
 7    20  3    127.7         291      77.9      1.89
 7    20  4    127.5         289      77.7      1.90
 8    20  1    127.5         332      80.8      4.81
 8    20  2    127.5         371      86.7      2.86
 8    20  3    127.7         373      87.0      2.87
 8    20  4    127.4         361      85.1      3.12
 9    20  1    127.6         282      77.6      4.87
 9    20  2    127.6         347      82.6      3.92
 9    20  3    127.3         312      78.8      7.07
 9    20  4    127.4         364      85.5      3.06
 10   20  1    127.5         314      79.0      7.07
 10   20  2    127.5         353      83.7      3.51
 10   20  3    127.6         293      77.9      1.62
 10   20  4    127.5         349      83.0      3.69
 11   20  1    126.9         320      79.5      5.33
 11   20  2    126.9         340      81.9      3.83
 11   20  3    127.0         355      84.3      3.17
 11   20  4    127           331      80.8      4.37
 12   20  1    127.1         309      78.5      7.13
 12   20  2    127.5         360      84.8      3.22
 12   20  3    127.4         308      78.5      8.25
 12   20  4    127.5         338      81.4      4.36
