0 1 1 1.7937 0.1346
0 1 2 1.772 0.1337
0 1 3 1.622 0.1441
0 1 4 1.7487 0.1355
0 2 1 1.7151 0.1408
0 2 2 1.7208 0.1409
0 2 3 1.3478 0.1164
0 2 4 1.4785 0.1329
0 3 1 1.5143 0.1364
0 3 2 1.5973 0.1424
0 3 3 1.544 0.1424
0 3 4 1.4898 0.1346
-0.3 1 1 0.6434 0.1939
-0.3 1 2 0.6528 0.188
-0.3 1 3 0.6346 0.189
-0.3 1 4 0.5929 0.1886
-0.3 2 1 0.6082 0.1871
-0.3 2 2 0.5938 0.1867
-0.3 2 3 0.5835 0.1773
-0.3 2 4 0.61 0.1908
-0.3 3 1 0.6127 0.1854
-0.3 3 2 0.5704 0.1867
-0.3 3 3 0.6421 0.1764
-0.3 3 4 0.5933 0.1848
-0.6 1 1 0.4922 0.2053
-0.6 1 2 0.4767 0.2
-0.6 1 3 0.4718 0.1937
-0.6 1 4 0.4428 0.192
-0.6 2 1 0.4822 0.1946
-0.6 2 2 0.4717 0.1919
-0.6 2 3 0.4991 0.2019
-0.6 2 4 0.5111 0.212
-0.6 3 1 0.4955 0.2038
-0.6 3 2 0.4995 0.2044
-0.6 3 3 0.4934 0.1956
-0.6 3 4 0.479 0.1908
