  1   1   1   6.00   14.00
  1   1   2   7.00   13.00
  1   1   3   5.00   16.00
  1   1   4   8.00   12.00
  1   1   5   6.00   14.00
  1   2   6  16.00   26.00
  1   2   7  12.00   27.00
  1   2   8  12.00   28.00
  1   2   9  13.00   28.00
  1   2  10   8.00   12.00
  1   3  11  17.00   18.00
  1   3  12   7.00   15.00
  1   3  13   7.00   17.00
  1   3  14   9.00   12.00
  1   3  15  14.00   19.00
  1   4  16  18.00   26.00
  1   4  17  16.00   29.00
  1   4  18  13.00   23.00
  1   4  19  13.00   23.00
  1   4  20  14.00   26.00
  1   5  21  14.00   25.00
  1   5  22  15.00   27.00
  1   5  23  11.00   20.00
  1   5  24  14.00   28.00
  1   5  25  14.00   25.00
  2   6   1  24.00   30.00
  2   6   6  13.00   21.00
  2   6  11  24.00   32.00
  2   6  16  11.00   23.00
  2   6  21   8.00   19.00
  2   7   2  21.00   28.00
  2   7   7  11.00   20.00
  2   7  12  14.00   21.00
  2   7  17  11.00   23.00
  2   7  22  23.00   31.00
  2   8   3  16.00   27.00
  2   8   8   4.00   16.00
  2   8  13  12.00   20.00
  2   8  18  12.00   18.00
  2   8  23  12.00   20.00
  2   9   4  17.00   22.00
  2   9   9  10.00   21.00
  2   9  14  30.00   34.00
  2   9  19   9.00   18.00
  2   9  24  23.00   30.00
  2  10   5  15.00   28.00
  2  10  10  15.00   22.00
  2  10  15  22.00   33.00
  2  10  20  16.00   25.00
  2  10  25  19.00   26.00
