 1  1.5978  8.9767 
 1  1.7412  8.5873 
 1  1.6257  10.4483 
 1  1.1929  9.782 
 1  1.7385  10.3162 
 2  3.9628  8.2681 
 2  4.3951  9.2354 
 2  4.1107  8.506 
 2  5.1691  7.6662 
 2  4.079  7.7357 
 2  4.3882  10.1464 
 2  4.2323  7.9687 
 2  4.2293  8.1784 
 3  5.7993  10.1629 
 3  5.1072  8.5951 
 3  5.417  8.8514 
 3  5.5443  9.9689 
 3  5.9915  10.1985 
 3  6.8462  9.6906 
 3  5.6564  10.3049 
 3  5.909  10.2941 
 3  5.8164  9.8476 
 3  6.7494  10.136 
 3  4.8782  9.3133 
 3  5.8052  9.9643 
 3  5.9673  9.9025 
 3  5.8546  9.9778 
 3  5.1072  8.5951 
 3  5.9529  10.3391 
 3  5.3296  10.3071 
