1 1.7009 9.7981
1 1.8784 8.6409
1 1.5978 8.9767
1 1.6613 8.7207
1 1.577 9.9666
1 1.8942 10.8076
1 1.5203 9.3684
1 1.7315 9.5409
1 1.6237 8.2026
1 1.7765 8.847
1 1.8016 10.3611
1 1.6382 9.4522
1 1.7412 8.5873
1 1.3269 8.3589
1 1.7729 11.1778
1 1.7139 12.0074
1 1.7624 10.8028
1 1.775 9.8067
1 2.0701 10.7204
1 1.6257 10.4483
1 2.0497 9.7231
1 1.7606 10.2434
1 1.1929 9.782
1 2.1435 9.4005
1 1.7371 9.4557
1 2.0074 8.6882
1 1.9126 9.5592
1 1.7969 9.8443
1 1.8247 9.6296
1 1.6966 8.9803
1 1.8205 8.8118
1 2.132 9.7379
1 1.3583 11.1165
1 1.528 11.4722
1 1.7765 8.847
1 1.7541 9.1104
1 1.9203 9.9768
1 1.7765 8.847
1 1.53 8.4149
1 1.7945 9.5858
1 1.679 9.7605
1 2.0924 6.9742
1 1.4086 8.8418
1 2.0001 9.7898
1 1.8316 10.4616
1 1.8894 8.6045
1 1.5845 10.4409
1 1.5677 8.9329
1 1.7385 10.3162
1 1.7593 9.3262
2 5.0582 10.1543
2 4.6879 9.8907
2 5.1958 9.9069
2 4.3538 7.5418
2 5.0269 9.083
2 4.341 8.705
2 4.7041 10.0702
2 3.4616 7.4514
2 4.881 9.3243
2 3.9628 8.2681
2 3.8336 6.6449
2 4.3951 9.2354
2 4.5076 7.5274
2 4.6726 9.1093
2 3.9207 8.8627
2 4.8308 9.8024
2 4.3047 9.1041
2 4.1107 8.506
2 5.1691 7.6662
2 4.1143 7.9953
2 4.6936 9.6952
2 4.4286 8.8789
2 5.1817 8.3563
2 4.5851 8.8787
2 4.656 9.2308
2 4.8285 9.544
2 5.2079 9.2118
2 5.3115 9.6218
2 4.6178 9.0705
2 3.9107 8.2404
2 4.079 7.7357
2 3.9719 7.726
2 4.1931 8.5208
2 5.011 8.6593
2 4.1785 9.0142
2 4.3882 10.1464
2 5.0038 9.8146
2 4.9903 7.9063
2 4.0247 9.0822
2 4.2323 7.9687
2 4.2293 8.1784
2 4.5789 9.3215
2 4.2867 8.3085
2 3.5855 7.2829
2 4.2398 8.443
2 4.0466 9.1198
2 4.1815 8.9149
2 4.5298 9.1409
2 3.5024 7.7598
2 4.2092 8.7002
3 5.7993 10.1629
3 5.1072 8.5951
3 6.1568 9.8467
3 5.3917 9.2443
3 5.8195 9.5843
3 6.7028 10.0799
3 4.315 7.7392
3 6.2532 9.7022
3 5.9529 8.5726
3 6.2178 11.2091
3 5.3192 9.9857
3 5.5516 8.8673
3 5.8358 9.707
3 5.2067 8.1306
3 5.417 8.8514
3 5.5443 9.9689
3 5.4242 9.5464
3 6.3871 11.8423
3 7.2559 9.2917
3 5.2076 7.5822
3 5.9915 10.1985
3 4.9285 8.7248
3 6.8462 9.6906
3 5.2826 8.809
3 5.6564 10.3049
3 5.909 10.2941
3 5.1258 8.9763
3 4.9742 9.3594
3 5.7379 9.1015
3 5.8164 9.8476
3 6.3852 9.5399
3 6.2662 11.9115
3 5.812 9.11
3 5.0654 8.9991
3 5.1513 8.4797
3 6.7494 10.136
3 5.5327 10.363
3 5.3004 9.7149
3 4.8782 9.3133
3 5.8052 9.9643
3 5.9673 9.9025
3 5.8546 9.9778
3 5.1072 8.5951
3 5.9943 10.1559
3 5.9529 10.3391
3 5.8221 9.6756
3 5.5111 8.3918
3 5.4736 9.56
3 5.3296 10.3071
3 4.9139 9.2719
