       1       1       1   27.14      31    78.6     697
       1       1       2    27.1    32.7    80.2     482
       1       1       3   26.93    29.5    77.6     102
       1       1       4   26.68    36.1    85.6     281
       1       2       1   26.84    33.4    81.1     407
       1       2       2   26.92    26.9    76.9     219
       1       2       3   26.83    28.7    77.1     139
       1       2       4   26.62    30.5    78.1     670
       1       3       1   25.62    31.8    79.4     412
       1       3       2   26.63    35.8    85.2     287
       1       3       3   26.66    36.4    86.3     271
       1       3       4   26.07    29.3    77.1     798
       1       4       1    27.2    27.4    77.2     123
       1       4       2   27.33    28.2    77.4     282
       1       4       3   26.97    30.4    78.2     768
       1       4       4   27.27    33.1    80.7     462
       1       5       1   25.64    34.2      83     298
       1       5       2   25.37    30.6    78.1     484
       1       5       3   25.48      28    76.1     980
       1       5       4   25.28    28.1    76.1     866
       1       6       1   26.42    30.1    77.8     702
       1       6       2   26.19    30.8    78.4     557
       1       6       3   26.46    35.7      85     286
       1       6       4   25.84    33.7      82     327
       1       7       1   27.26    27.9    77.3     383
       1       7       2   27.11    31.5    79.1     606
       1       7       3   27.38    35.4    83.9     338
       1       7       4   27.33    34.1      82     398
       1       8       1   27.29    34.1      82     395
       1       8       2    27.5    29.6    77.9     127
       1       8       3   27.41    33.7    81.3     434
       1       8       4    27.2    35.5    84.2     324
       1       9       1   27.13    29.4    77.6     119
       1       9       2   27.28    35.1    83.5     345
       1       9       3   27.13    30.6    78.3     769
       1       9       4   26.69    30.2    77.9     756
       1      10       1   27.47    36.7    86.1     295
       1      10       2   27.68    31.9    79.5     647
       1      10       3   27.58    29.4    77.9     145
       1      10       4   27.15    32.9    80.5     465
       1      11       1   25.29    28.2    76.1     854
       1      11       2    26.1    32.5    80.2     405
       1      11       3   26.15    32.2    79.8     431
       1      11       4   25.85    27.2      76     189
       1      12       1   27.46    28.1    77.5     399
       1      12       2   27.25    29.2    77.6     137
       1      12       3   26.94    30.1    77.9     845
       1      12       4   27.09    35.7    84.5     312
       1      13       1   26.43    28.8      77     107
       1      13       2    27.7    28.7    77.8     263
       1      13       3   27.83    30.7    78.6     958
       1      13       4   27.14    35.9    84.8     308
       1      14       1    27.6    28.3    77.6     382
       1      14       2    27.6    33.8    81.4     442
       1      14       3   27.82    35.1    83.2     377
       1      14       4   27.66    32.9    80.4     520
       1      15       1   27.05    27.4      77     601
       1      15       2    26.7    29.3    77.4     999
       1      15       3   27.13    28.3    77.2     220
       1      15       4   27.75      32    79.5     649
       1      16       1   27.71    36.8    85.9     304
       1      16       2   27.45    35.4    83.7     344
       1      16       3   27.67    29.3    77.9     169
       1      16       4   27.68    31.9    79.4     655
       1      17       1   26.88    33.5    81.2     405
       1      17       2   27.29    29.5    77.7     122
       1      17       3   27.34    35.5    84.1     332
       1      17       4   27.09    33.3    80.9     435
       1      18       1   27.04    32.5      80     491
       1      18       2   27.03    35.1    83.5     333
       1      18       3   26.76    29.9    77.7     845
       1      18       4   26.56    30.3      78     693
       1      19       1   26.56    27.2    76.6     387
       1      19       2   26.58    27.2    76.6     395
       1      19       3   26.86    27.9    76.9     246
       1      19       4   26.12    29.2      77     845
       1      20       1   27.75    37.3      87     288
       1      20       2    27.2    34.7    82.9     358
       1      20       3   27.82    36.9    86.1     304
       1      20       4   27.64    30.2    78.2     107
       2       1       1    27.7    29.9    78.1     124
       2       1       2   27.67      31    78.8     807
       2       1       3   26.61    29.8    77.6     818
       2       1       4   26.93    34.7      83     345
       2       2       1   27.85    29.3      78     191
       2       2       2   27.77    35.1    83.2     374
       2       2       3   27.65    33.7    81.4     450
       2       2       4   27.16    31.6    79.1     602
       2       3       1   25.23    29.7    77.2     564
       2       3       2   26.29      32    79.5     459
       2       3       3   26.66    35.9    85.2     287
       2       3       4   26.25    27.4    76.3     224
       2       4       1    26.7    32.2    79.8     477
       2       4       2   27.55    32.8    80.3     519
       2       4       3   27.47      29    77.7     169
       2       4       4   27.67    28.3    77.7     391
       2       5       1   26.67    28.3    76.9     160
       2       5       2   26.95    32.6    80.1     474
       2       5       3   26.85    31.6    79.1     564
       2       5       4   26.65    35.2    83.9     311
       2       6       1    27.1    29.1    77.5     134
       2       6       2    27.1    35.9    84.8     307
       2       6       3   27.21    29.9    77.9     101
       2       6       4      27    29.6    77.6     102
       2       7       1   27.02    35.5    84.2     318
       2       7       2   27.25    36.4    85.7     295
       2       7       3   27.31    29.2    77.6     140
       2       7       4   27.12    30.5    78.2     799
       2       8       1   27.22    32.6    80.1     502
       2       8       2   27.15      31    78.6     693
       2       8       3   27.46    28.9    77.6     178
       2       8       4   27.15    30.8    78.5     725
       2       9       1   27.09    36.7    86.3     281
       2       9       2   27.14    29.4    77.6     115
       2       9       3   27.23    30.2    78.1     909
       2       9       4   27.02    36.1    85.3     296
       2      10       1   27.69    28.1    77.7     572
       2      10       2   27.37    33.8    81.6     419
       2      10       3   27.47    27.8    77.4     798
       2      10       4   27.26    34.7    82.8     365
       2      11       1   26.78    36.5    86.3     273
       2      11       2   26.21    27.1    76.2     281
       2      11       3   25.45    25.5    75.4     241
       2      11       4   26.28    35.4    84.7     286
       2      12       1   27.43    29.3    77.7     144
       2      12       2   27.33    29.9    77.9     106
       2      12       3   27.48    28.7    77.6     210
       2      12       4   27.58    34.7    82.7     382
       2      13       1   26.95    30.5    78.2     741
       2      13       2    27.5    28.4    77.5     294
       2      13       3   27.92    33.3    80.9     511
       2      13       4   27.36    34.3    82.2     390
       2      14       1   27.54    31.8    79.4     633
       2      14       2   27.76    35.7    84.1     346
       2      14       3   27.76    34.3    82.1     420
       2      14       4   27.37    33.8    81.5     423
       2      15       1   27.13    32.9    80.5     462
       2      15       2   26.25    34.5    83.1     316
       2      15       3   27.47    28.7    77.6     220
       2      15       4   27.62    33.6    81.2     458
       2      16       1   27.75    30.2    78.3     110
       2      16       2   27.69    36.4    85.3     315
       2      16       3   27.77    36.1    84.8     329
       2      16       4   27.78    36.4    85.2     321
       2      17       1   27.21    28.3    77.3     234
       2      17       2   26.55    35.5    84.5     296
       2      17       3   27.13    36.7    86.4     281
       2      17       4   26.96    36.6    86.3     278
       2      18       1   26.88    27.9      77     241
       2      18       2   27.05    27.8    77.1     335
       2      18       3   26.86    35.8    84.8     299
       2      18       4   26.87      34    81.9     375
       2      19       1   26.39    30.6    78.1     626
       2      19       2   26.25      35      84     297
       2      19       3   25.73    28.5    76.5     897
       2      19       4   26.34    27.7    76.5     182
       2      20       1   27.09    31.8    79.3     564
       2      20       2   27.07    27.1      77     771
       2      20       3   27.06    27.4      77     682
       2      20       4   27.15    32.6    80.1     495
       3       1       1    27.4    36.3    85.4     305
       3       1       2   27.23    27.6    77.2     678
       3       1       3   27.17    30.3    78.1     855
       3       1       4   27.01      35    83.4     337
       3       2       1   27.43    30.1    78.1     101
       3       2       2   27.16    34.7    82.9     355
       3       2       3   27.29    33.4    81.1     441
       3       2       4   27.25      32    79.5     562
       3       3       1   25.97    30.6    78.1     551
       3       3       2   25.59    31.2    78.8     451
       3       3       3   25.37    35.2    85.2     255
       3       3       4    26.1    26.1    76.1     290
       3       4       1   27.15    33.3    80.9     437
       3       4       2   27.34    28.2    77.4     315
       3       4       3   26.74      32    79.5     503
       3       4       4   27.21    28.2    77.3     262
       3       5       1   26.48    27.3    76.5     296
       3       5       2   26.82    28.9    77.2     128
       3       5       3    26.6    32.3    79.8     464
       3       5       4   26.42    33.9      82     352
       3       6       1   26.72    31.7    79.2     534
       3       6       2   26.62    27.3    76.6     376
       3       6       3   26.93      34    81.9     379
       3       6       4   27.11    28.8    77.4     155
       3       7       1   26.84      34      82     371
       3       7       2   26.92    27.5    76.9     458
       3       7       3   26.98    34.7      83     346
       3       7       4    26.8    35.4    84.2     310
       3       8       1    27.3      36      85     311
       3       8       2   27.24    35.3    83.7     336
       3       8       3   27.04    35.7    84.6     309
       3       8       4   26.65      32    79.5     491
       3       9       1    26.9    30.2      78     797
       3       9       2   26.45    28.5    76.8     125
       3       9       3   26.65    29.9    77.7     808
       3       9       4   26.09      28    76.4     134
       3      10       1   26.95    34.1    82.1     372
       3      10       2   27.43    31.4      79     689
       3      10       3   27.19    34.5    82.6     367
       3      10       4   26.83    27.3    76.8     543
       3      11       1   25.36    34.4    83.5     280
       3      11       2   25.62    33.2    81.3     337
       3      11       3   25.51    34.9    84.3     270
       3      11       4   25.63    31.5      79     435
       3      12       1   27.46    27.4    77.4     819
       3      12       2   27.05    36.3    85.6     291
       3      12       3      27    27.2      77     953
       3      12       4   27.14    32.5      80     502
       3      13       1   26.74    30.6    78.2     683
       3      13       2   27.14      35    83.4     341
       3      13       3   27.53    30.8    78.6     817
       3      13       4   27.04    35.9    84.9     304
       3      14       1   27.39    34.2    82.1     397
       3      14       2   27.54    32.4    79.9     555
       3      14       3   26.96    31.5      79     588
       3      14       4   27.13    35.7    84.5     315
       3      15       1   26.23    33.9    82.1     341
       3      15       2   26.71    30.8    78.4     642
       3      15       3   27.23    29.5    77.7     117
       3      15       4   27.19    36.5    85.9     290
       3      16       1   27.27    34.7    82.8     364
       3      16       2   27.36    29.2    77.7     141
       3      16       3   27.51    34.9      83     368
       3      16       4   27.42    35.9    84.6     323
       3      17       1   26.72    26.7    76.7     558
       3      17       2   27.01    34.1      82     378
       3      17       3   26.68    30.1    77.8     772
       3      17       4   26.82    32.5    80.1     464
       3      18       1   27.07    28.5    77.2     182
       3      18       2   26.65    27.7    76.7     234
       3      18       3   26.45    32.6    80.2     430
       3      18       4   26.46    29.9    77.7     750
       3      19       1   26.55    27.1    76.5     438
       3      19       2   25.88    33.6    81.9     331
       3      19       3   26.27    30.2    77.8     662
       3      19       4   25.14    31.6    79.4     383
       3      20       1   26.89    35.4    84.2     312
       3      20       2   26.89    30.4    78.1     762
       3      20       3   26.43    34.2    82.5     338
       3      20       4   26.81    28.9    77.2     124
       4       1       1   27.76    28.7    77.8     290
       4       1       2   27.31    36.5    85.7     296
       4       1       3   27.61    32.6    80.1     550
       4       1       4   27.12    27.4    77.1     883
       4       2       1   27.79    30.6    78.6     969
       4       2       2   27.73    33.8    81.4     453
       4       2       3   27.65    33.9    81.6     436
       4       2       4   27.87      28    77.8     146
       4       3       1   25.03    32.7    80.9     324
       4       3       2   26.69    36.5    86.3     271
       4       3       3   26.79      27    76.7     872
       4       3       4   26.01    28.7    76.7     964
       4       4       1   27.22    30.7    78.5     760
       4       4       2   27.48    33.6    81.2     447
       4       4       3    26.7    36.4    86.1     274
       4       4       4   27.53      37    86.5     289
       4       5       1   26.23    27.2    76.3     249
       4       5       2   26.84      30    77.8     826
       4       5       3   26.69    36.5    86.4     270
       4       5       4    26.8    31.6    79.1     557
       4       6       1   26.85      30    77.8     834
       4       6       2   26.55    28.4    76.9     140
       4       6       3   27.05    35.5    84.2     319
       4       6       4   27.35    32.6    80.1     519
       4       7       1   27.08    32.7    80.2     478
       4       7       2   27.15    32.4    79.9     509
       4       7       3   27.24      33    80.6     465
       4       7       4   26.98      27    76.9     364
       4       8       1   27.09    33.5    81.2     418
       4       8       2   26.96    36.2    85.6     290
       4       8       3   27.24      32    79.5     571
       4       8       4   26.98    27.8      77     298
       4       9       1   27.05    33.2    80.9     433
       4       9       2   27.25    29.2    77.6     133
       4       9       3   27.12    27.6    77.1     553
       4       9       4   26.86    28.7    77.2     138
       4      10       1      27      35    83.4     336
       4      10       2   27.25    31.5      79     635
       4      10       3   27.61    28.4    77.6     349
       4      10       4   27.13    36.9    86.8     275
       4      11       1   26.85    34.3    82.4     360
       4      11       2   26.42    35.7      85     284
       4      11       3   26.65    32.5    80.1     448
       4      11       4    26.7    30.5    78.1     697
       4      12       1    27.9    30.4    78.5     108
       4      12       2   27.11    29.9    77.8     966
       4      12       3    27.4    36.1      85     313
       4      12       4   27.45    32.9    80.5     494
       4      13       1   26.93    30.9    78.5     672
       4      13       2   27.08    30.1      78     885
       4      13       3   27.68      32    79.6     627
       4      13       4   27.05    36.2    85.4     294
       4      14       1   27.24      32    79.5     566
       4      14       2   27.61    28.4    77.6     349
       4      14       3   27.73    28.5    77.7     359
       4      14       4   27.85    29.2      78     194
       4      15       1   26.85    27.4    76.8     462
       4      15       2   26.65    35.9    85.2     288
       4      15       3   27.04    35.1    83.5     334
       4      15       4   27.79    29.2      78     190
       4      16       1   27.69      37    86.5     294
       4      16       2   27.72    31.8    79.4     663
       4      16       3   27.75    36.8      86     304
       4      16       4   27.85    28.7    77.9     295
       4      17       1   26.61    28.4    76.9     142
       4      17       2   26.86    30.6    78.3     703
       4      17       3   27.29    36.4    85.6     299
       4      17       4   27.09    31.1    78.7     665
       4      18       1   27.22    28.2    77.3     259
       4      18       2   27.01    35.9    84.9     303
       4      18       3   27.22    33.1    80.7     460
       4      18       4   27.22    34.7    82.8     362
       4      19       1   25.94    28.4    76.5     101
       4      19       2   26.77    29.4    77.4     994
       4      19       3   26.04    35.7    85.5     267
       4      19       4   25.95    26.4    75.9     557
       4      20       1   26.99    31.4    78.9     608
       4      20       2   27.28    28.1    77.3     299
       4      20       3   27.62      31    78.7     813
       4      20       4   27.26    31.8    79.3     593
